0.000528
0.000061
0.000066
0.000095
0.000104
0.000094
0.000113
0.000116
0.000123
0.000190
0.000154
0.000165
0.000173
0.000223
0.000227
0.000246
0.000237
0.000248
0.000368
0.000303
0.000302
0.000313
0.000350
0.000367
0.000541
0.000517
0.000473
0.000502
0.000548
0.000535
0.000657
0.000666
0.000726
0.000706
0.000688
0.000777
0.000785
0.000770
0.001123
0.000803
0.000827
0.000882
0.001225
0.001013
0.001338
0.001092
0.001188
0.001308
0.001370
0.001646
0.001645
0.001857
0.001502
0.001658
0.001800
0.001804
0.002277
0.002284
0.002283
0.002344
0.002170
0.002725
0.002813
0.003287
0.002316
0.002264
0.002811
0.002949
0.003165
0.002941
0.003290
0.003186
0.003041
0.003224
0.003037
0.003141
0.003801
0.003629
0.003178
0.003271
0.003763
0.003692
0.003762
0.003845
0.004924
0.003775
0.003326
0.003143
0.003553
0.003509
0.003499
0.003370
0.004078
0.003672
0.003350
0.003875
0.003750
0.003702
0.003635
0.003839
0.003671
0.004244
0.003613
0.003922
0.004117
0.003591
0.003653
0.004014
0.003510
0.003337
0.003537
0.004264
0.003934
0.003754
0.004381
0.004287
0.004492
0.005059
0.004843
0.004572
0.004469
0.004590
0.004876
0.004472
0.004787
0.004735
0.005071
0.004804
0.004783
0.004593
0.004558
0.005027
0.004744
0.004961
0.004568
0.005086
0.005901
0.005122
0.005795
0.004713
0.005402
0.003434
0.003175
0.003325
0.003092
0.003174
0.003194
0.003224
0.003195
0.003200
0.003146
0.003710
0.003146
0.003186
0.003636
0.003832
0.003376
0.003116
0.003159
0.003172
0.003595
0.003154
0.003993
0.003280
0.003222
0.003212
0.003905
0.003525
0.003219
0.003433
0.003166
0.003199
0.003674
0.003215
0.003414
0.003534
0.004025
0.003862
0.003973
0.003845
0.003812
0.004265
0.004144
0.004303
0.004403
0.004293
0.004156
0.004384
0.003193
0.003326
0.003226
0.003233
0.005170
0.003377
0.003165
0.003911
0.003319
0.003258
0.003221
0.003213
0.003192
0.003648
0.003198
0.003193
0.003172
0.003225
0.003201
0.003229
0.003277
0.003299
0.003214
0.003245
0.003199
0.003203
0.003201
0.003376
0.003499
0.003694
0.003774
0.003488
0.003819
0.003188
0.003228
0.003998
0.003259
0.003336
0.003197
0.003181
0.003717
0.003576
0.003571
0.003261
0.003307
0.003288
0.003265
0.003991
0.003202
0.003269
0.003273
0.003601
0.003990
0.003563
0.004265
0.004116
0.004236
0.003910
0.003379
0.003809
0.003670
0.004349
0.004500
0.003994
0.003470
0.004087
0.004005
0.003886
0.003576
0.003630
0.003804
0.003744
0.004964
0.004140
0.003693
0.004009
0.004294
0.004194
0.004284
0.004458
0.004461
0.004181
0.005330
0.004486
0.004444
0.004616
0.004355
0.004050
0.004247
0.004364
0.004031
0.004158
0.004286
0.004129
0.004527
0.004301
0.003971
0.003682
0.004229
0.003514
0.003518
0.003434
0.003670
0.003700
0.003864
0.003663
0.003669
0.003348
0.003754
0.003412
0.003572
0.003504
0.004144
0.003511
0.003411
0.003652
0.003638
0.003454
0.003576
0.003946
0.003854
0.003526
0.003602
0.004101
0.003356
0.004090
0.003466
0.003470
0.003511
0.003459
0.003569
0.003428
0.004004
0.004665
0.004255
0.004193
0.004198
0.004054
0.003945
0.003914
0.003653
0.004243
0.004215
0.004303
0.004523
0.004707
0.003871
0.004262
0.004193
0.004370
0.004295
0.004356
0.004083
0.003779
0.003416
0.003397
0.003791
0.003320
0.003333
0.003273
0.003567
0.003324
0.003234
0.003289
0.003383
0.003533
0.003349
0.003638
0.003270
0.003363
0.003279
0.003410
0.003598
0.004175
0.003746
0.003843
0.003843
0.003609
0.003244
0.003228
0.003329
0.003671
0.003372
0.004087
0.003468
0.003245
0.003271
0.003905
0.003291
0.003242
0.003340
0.003601
0.003545
0.003858
0.003856
0.003914
0.003819
0.003542
0.003689
0.003648
0.003735
0.003651
0.003988
0.004261
0.004419
0.004491
0.004442
0.004442
0.004300
0.004216
0.003908
0.003994
0.003646
0.004165
0.004569
0.003811
0.004007
0.003721
0.003376
0.004037
0.004101
0.003447
0.003264
0.003583
0.003412
0.003322
0.003300
0.003298
0.003541
0.003289
0.003820
0.003324
0.003515
0.003478
0.003297
0.003278
0.003291
0.003416
0.003461
0.003306
0.003224
0.003267
0.003276
0.003252
0.003240
0.003308
0.003316
0.003362
0.003250
0.003267
0.003344
0.003703
0.004588
0.004191
0.004320
0.004230
0.003742
0.004150
0.004191
0.004145
0.004179
0.004229
0.004338
0.004434
0.004331
0.004327
0.004363
0.004450
0.004218
0.004328
0.004170
0.004447
0.004565
0.004383
0.004421
0.004393
0.004289
0.003654
0.003486
0.003527
0.004223
0.003641
0.004094
0.004194
0.004072
0.003865
0.003330
0.003379
0.003307
0.003301
0.003284
0.003258
0.003260
0.003263
0.003241
0.003325
0.003268
0.003623
0.003715
0.003601
0.003590
0.003377
0.003382
0.003358
0.003302
0.003531
0.003435
0.003184
0.003059
0.002957
0.002995
0.003080
0.003118
0.002772
0.002641
0.002656
0.002456
0.002083
0.001847
0.001522
0.001216
0.000967
0.000651
