times address
0 30400528
1 30400528
2 30400560
3 30400528
4 30400560
5 30400592
6 30400528
7 30400560
8 30400592
9 30400624
10 30400624
11 30400656
12 30400560
13 30400592
14 30400656
15 30400688
16 30400656
17 30400688
18 30400720
19 30400656
20 30400688
21 30400720
22 30400752
23 30400688
24 30400720
25 30400752
26 30400784
27 30400688
28 30400720
29 30400752
30 30400784
31 30400816
32 30400528
33 30400592
34 30400784
35 30400816
36 30400848
37 30400528
38 30400592
39 30400784
40 30400816
41 30400848
42 30400880
43 30400528
44 30400592
45 30400784
46 30400816
47 30400848
48 30400880
49 30400912
50 30400816
51 30400848
52 30400880
53 30400912
54 30400944
55 30400816
56 30400848
57 30400880
58 30400912
59 30400944
60 30400976
61 30400816
62 30400848
63 30400880
64 30400912
65 30400944
66 30400976
67 30401008
68 30400688
69 30400720
70 30400752
71 30400976
72 30401008
73 30401040
74 30400688
75 30400720
76 30400752
77 30400976
78 30401008
79 30401040
80 30401072
81 30400656
82 30401008
83 30401040
84 30401072
85 30401104
86 30400592
87 30400784
88 30400912
89 30400944
90 30401072
91 30401104
92 30401136
93 30400560
94 30401072
95 30401104
96 30401136
97 30401168
98 30400592
99 30400784
100 30400912
101 30400944
102 30401104
103 30401136
104 30401168
105 30401200
106 30400816
107 30400848
108 30400880
109 30401104
110 30401136
111 30401168
112 30401200
113 30401232
114 30400848
115 30400880
116 30401104
117 30401136
118 30401168
119 30401200
120 30401232
121 30401264
122 30400784
123 30400912
124 30400944
125 30401168
126 30401200
127 30401232
128 30401264
129 30401296
130 30400624
131 30401296
132 30401328
133 30400624
134 30401296
135 30401328
136 30401360
137 30400752
138 30400976
139 30401040
140 30401264
141 30401360
142 30401392
143 30400528
144 30400944
145 30401168
146 30401200
147 30401232
148 30401360
149 30401392
150 30401424
151 30400528
152 30400944
153 30401168
154 30401200
155 30401232
156 30401360
157 30401392
158 30401424
159 30401456
160 30400528
161 30400944
162 30401168
163 30401200
164 30401232
165 30401360
166 30401392
167 30401424
168 30401456
169 30401488
170 30400624
171 30401296
172 30401328
173 30401488
174 30401520
175 30400752
176 30400976
177 30401040
178 30401264
179 30401456
180 30401520
181 30401552
182 30400624
183 30401296
184 30401328
185 30401488
186 30401552
187 30401584
188 30400784
189 30400912
190 30401232
191 30401360
192 30401392
193 30401424
194 30401520
195 30401584
196 30401616
197 30400688
198 30400720
199 30401040
200 30401264
201 30401456
202 30401584
203 30401616
204 30401648
205 30400912
206 30401232
207 30401360
208 30401392
209 30401424
210 30401520
211 30401616
212 30401648
213 30401680
214 30400592
215 30401360
216 30401392
217 30401424
218 30401520
219 30401616
220 30401648
221 30401680
222 30401712
223 30401488
224 30401552
225 30401712
226 30401744
227 30401520
228 30401616
229 30401648
230 30401680
231 30401744
232 30401776
233 30400720
234 30401040
235 30401264
236 30401456
237 30401584
238 30401744
239 30401776
240 30401808
241 30400624
242 30401296
243 30401328
244 30401552
245 30401712
246 30401808
247 30401840
248 30400688
249 30401040
250 30401264
251 30401456
252 30401584
253 30401744
254 30401776
255 30401840
256 30401872
257 30400912
258 30401232
259 30401392
260 30401424
261 30401616
262 30401648
263 30401680
264 30401840
265 30401872
266 30401904
267 30400624
268 30401296
269 30401328
270 30401552
271 30401712
272 30401808
273 30401904
274 30401936
275 30400912
276 30401232
277 30401392
278 30401424
279 30401616
280 30401648
281 30401680
282 30401840
283 30401872
284 30401936
285 30401968
286 30400528
287 30400944
288 30401168
289 30401200
290 30401648
291 30401680
292 30401840
293 30401872
294 30401936
295 30401968
296 30402000
297 30401104
298 30401136
299 30401872
300 30401936
301 30401968
302 30402000
303 30402032
304 30400912
305 30401232
306 30401392
307 30401424
308 30401616
309 30401680
310 30401840
311 30401936
312 30401968
313 30402000
314 30402032
315 30402064
316 30400560
317 30401072
318 30402000
319 30402032
320 30402064
321 30402096
322 30401520
323 30401936
324 30401968
325 30402032
326 30402064
327 30402096
328 30402128
329 30401168
330 30401200
331 30401648
332 30401840
333 30401968
334 30402032
335 30402064
336 30402096
337 30402128
338 30402160
339 30400816
340 30400880
341 30401136
342 30401872
343 30402064
344 30402096
345 30402128
346 30402160
347 30402192
348 30401072
349 30402000
350 30402128
351 30402160
352 30402192
353 30402224
354 30400560
355 30402000
356 30402128
357 30402160
358 30402192
359 30402224
360 30402256
361 30401520
362 30401936
363 30402032
364 30402096
365 30402192
366 30402224
367 30402256
368 30402288
369 30400720
370 30401264
371 30401456
372 30401584
373 30401744
374 30401776
375 30402256
376 30402288
377 30402320
378 30401104
379 30401872
380 30402064
381 30402192
382 30402224
383 30402288
384 30402320
385 30402352
386 30402032
387 30402096
388 30402224
389 30402288
390 30402320
391 30402352
392 30402384
393 30402032
394 30402096
395 30402224
396 30402288
397 30402320
398 30402352
399 30402384
400 30402416
401 30400784
402 30401616
403 30401680
404 30401968
405 30402288
406 30402320
407 30402352
408 30402384
409 30402416
410 30402448
411 30400912
412 30401232
413 30401392
414 30401424
415 30401680
416 30401968
417 30402288
418 30402320
419 30402352
420 30402384
421 30402416
422 30402448
423 30402480
424 30401520
425 30401936
426 30402224
427 30402352
428 30402384
429 30402416
430 30402448
431 30402480
432 30402512
433 30401168
434 30401200
435 30401648
436 30401840
437 30402320
438 30402384
439 30402416
440 30402448
441 30402480
442 30402512
443 30402544
444 30402000
445 30402128
446 30402160
447 30402480
448 30402512
449 30402544
450 30402576
451 30401520
452 30401936
453 30402224
454 30402352
455 30402416
456 30402448
457 30402512
458 30402544
459 30402576
460 30402608
461 30400976
462 30401744
463 30401776
464 30402256
465 30402576
466 30402608
467 30402640
468 30402256
469 30402576
470 30402608
471 30402640
472 30402672
473 30400976
474 30401744
475 30401776
476 30402576
477 30402608
478 30402640
479 30402672
480 30402704
481 30402256
482 30402608
483 30402640
484 30402672
485 30402704
486 30402736
487 30400720
488 30401264
489 30401456
490 30401584
491 30402576
492 30402640
493 30402672
494 30402704
495 30402736
496 30402768
497 30402576
498 30402640
499 30402672
500 30402704
501 30402736
502 30402768
503 30402800
504 30402576
505 30402640
506 30402672
507 30402704
508 30402736
509 30402768
510 30402800
511 30402832
512 30402000
513 30402128
514 30402160
515 30402480
516 30402544
517 30402800
518 30402832
519 30402864
520 30402224
521 30402352
522 30402416
523 30402448
524 30402512
525 30402800
526 30402832
527 30402864
528 30402896
529 30402224
530 30402352
531 30402416
532 30402448
533 30402512
534 30402800
535 30402832
536 30402864
537 30402896
538 30402928
539 30400656
540 30401008
541 30402768
542 30402896
543 30402928
544 30402960
545 30400976
546 30401744
547 30401776
548 30402704
549 30402736
550 30402896
551 30402928
552 30402960
553 30402992
554 30401392
555 30401424
556 30401680
557 30401968
558 30402288
559 30402384
560 30402800
561 30402832
562 30402864
563 30402960
564 30402992
565 30403024
566 30402576
567 30402640
568 30402672
569 30402736
570 30402896
571 30402928
572 30402992
573 30403024
574 30403056
575 30402224
576 30402352
577 30402416
578 30402448
579 30402512
580 30402832
581 30402864
582 30402960
583 30403024
584 30403056
585 30403088
586 30402096
587 30402832
588 30402864
589 30402960
590 30403024
591 30403056
592 30403088
593 30403120
594 30401488
595 30401808
596 30401904
597 30403120
598 30403152
599 30400848
600 30401136
601 30402064
602 30402192
603 30403024
604 30403056
605 30403088
606 30403152
607 30403184
608 30401232
609 30401424
610 30401680
611 30401968
612 30402288
613 30402384
614 30402800
615 30402960
616 30403056
617 30403088
618 30403152
619 30403184
620 30403216
621 30400816
622 30400880
623 30402064
624 30402192
625 30403024
626 30403088
627 30403152
628 30403184
629 30403216
630 30403248
631 30402640
632 30402672
633 30402736
634 30402896
635 30402928
636 30402992
637 30403216
638 30403248
639 30403280
640 30402416
641 30402448
642 30402512
643 30402864
644 30403056
645 30403152
646 30403184
647 30403248
648 30403280
649 30403312
650 30401296
651 30401328
652 30401552
653 30401712
654 30401904
655 30403120
656 30403312
657 30403344
658 30402576
659 30402672
660 30402736
661 30402896
662 30402928
663 30402992
664 30403216
665 30403280
666 30403344
667 30403376
668 30401264
669 30401456
670 30401584
671 30402928
672 30402992
673 30403216
674 30403280
675 30403344
676 30403376
677 30403408
678 30401904
679 30403120
680 30403312
681 30403408
682 30403440
683 30401904
684 30403120
685 30403312
686 30403408
687 30403440
688 30403472
689 30400656
690 30401008
691 30402768
692 30403344
693 30403376
694 30403472
695 30403504
696 30402256
697 30402608
698 30403280
699 30403376
700 30403472
701 30403504
702 30403536
703 30401040
704 30402928
705 30402992
706 30403216
707 30403376
708 30403472
709 30403504
710 30403536
711 30403568
712 30401072
713 30402480
714 30402544
715 30403248
716 30403536
717 30403568
718 30403600
719 30402640
720 30402736
721 30402896
722 30403216
723 30403376
724 30403472
725 30403504
726 30403568
727 30403600
728 30403632
729 30401488
730 30401808
731 30403408
732 30403440
733 30403632
734 30403664
735 30401488
736 30401808
737 30403408
738 30403440
739 30403632
740 30403664
741 30403696
742 30401296
743 30401328
744 30401552
745 30401712
746 30403312
747 30403632
748 30403664
749 30403696
750 30403728
751 30400784
752 30401616
753 30402384
754 30402800
755 30402960
756 30403152
757 30403184
758 30403536
759 30403600
760 30403728
761 30403760
762 30402032
763 30402832
764 30403056
765 30403184
766 30403536
767 30403600
768 30403728
769 30403760
770 30403792
771 30401200
772 30401648
773 30401840
774 30402320
775 30403152
776 30403536
777 30403600
778 30403728
779 30403760
780 30403792
781 30403824
782 30400528
783 30400944
784 30401840
785 30402320
786 30403152
787 30403536
788 30403600
789 30403728
790 30403760
791 30403792
792 30403824
793 30403856
794 30402640
795 30402736
796 30402896
797 30403216
798 30403376
799 30403472
800 30403504
801 30403568
802 30403824
803 30403856
804 30403888
805 30403248
806 30403792
807 30403856
808 30403888
809 30403920
810 30401232
811 30401424
812 30401680
813 30401968
814 30402288
815 30402800
816 30402960
817 30403600
818 30403728
819 30403760
820 30403856
821 30403888
822 30403920
823 30403952
824 30401040
825 30402928
826 30402992
827 30403472
828 30403504
829 30403568
830 30403824
831 30403920
832 30403952
833 30403984
834 30400976
835 30401744
836 30401776
837 30402704
838 30403568
839 30403824
840 30403920
841 30403952
842 30403984
843 30404016
844 30402416
845 30402448
846 30402512
847 30402864
848 30403184
849 30403760
850 30403856
851 30403888
852 30403984
853 30404016
854 30404048
855 30400592
856 30401360
857 30403600
858 30403728
859 30403856
860 30403888
861 30403984
862 30404016
863 30404048
864 30404080
865 30403248
866 30403792
867 30404016
868 30404048
869 30404080
870 30404112
871 30402352
872 30402512
873 30402864
874 30403184
875 30403760
876 30403888
877 30403984
878 30404048
879 30404080
880 30404112
881 30404144
882 30403408
883 30403440
884 30403664
885 30403696
886 30404144
887 30404176
888 30400784
889 30401616
890 30402384
891 30402960
892 30403728
893 30403856
894 30403984
895 30404048
896 30404080
897 30404112
898 30404176
899 30404208
900 30400528
901 30400944
902 30401840
903 30402320
904 30403152
905 30403536
906 30403984
907 30404048
908 30404080
909 30404112
910 30404176
911 30404208
912 30404240
913 30400752
914 30403568
915 30403824
916 30403920
917 30403952
918 30404208
919 30404240
920 30404272
921 30402704
922 30403824
923 30403920
924 30403952
925 30404208
926 30404240
927 30404272
928 30404304
929 30400880
930 30402064
931 30402192
932 30403024
933 30403088
934 30404112
935 30404176
936 30404272
937 30404304
938 30404336
939 30401744
940 30401776
941 30403824
942 30403920
943 30403952
944 30404208
945 30404240
946 30404304
947 30404336
948 30404368
949 30401072
950 30402480
951 30402544
952 30404016
953 30404272
954 30404336
955 30404368
956 30404400
957 30402320
958 30403152
959 30403536
960 30403984
961 30404048
962 30404080
963 30404176
964 30404336
965 30404368
966 30404400
967 30404432
968 30401712
969 30403312
970 30403632
971 30403696
972 30404144
973 30404432
974 30404464
975 30402544
976 30404016
977 30404272
978 30404368
979 30404400
980 30404464
981 30404496
982 30400752
983 30403568
984 30403952
985 30404208
986 30404240
987 30404304
988 30404464
989 30404496
990 30404528
991 30402416
992 30402448
993 30402864
994 30403184
995 30403760
996 30403888
997 30404176
998 30404336
999 30404400
