times address
0 27811808
1 27811776
2 27811744
3 27811712
4 27811680
5 27811648
6 27811616
7 27811584
8 27811552
9 27811520
10 27811488
11 27811456
12 27811424
13 27811392
14 27811360
15 27811328
16 27811296
17 27811264
18 27811232
19 27811200
20 27811168
21 27811136
22 27811104
23 27811072
24 27811040
25 27811008
26 27810976
27 27810944
28 27810912
29 27810880
30 27810848
31 27810816
32 27810784
33 27810752
34 27810720
35 27810688
36 27810656
37 27810624
38 27810592
39 27810560
40 27810528
41 27810496
42 27810464
43 27810432
44 27810400
45 27810368
46 27810336
47 27810304
48 27810272
49 27810240
50 27810208
51 27810176
52 27810144
53 27810112
54 27810080
55 27810048
56 27810016
57 27809984
58 27809952
59 27809920
60 27809888
61 27809856
62 27809824
63 27809792
64 27809760
65 27809728
66 27809696
67 27809664
68 27809632
69 27809600
70 27809568
71 27809536
72 27809504
73 27809472
74 27809440
75 27809408
76 27809376
77 27809344
78 27809312
79 27809280
80 27809248
81 27809216
82 27809184
83 27809152
84 27809120
85 27809088
86 27809056
87 27809024
88 27808992
89 27808960
90 27808928
91 27808896
92 27808864
93 27808832
94 27808800
95 27808768
96 27808736
97 27808704
98 27808672
99 27808640
100 27808608
101 27808576
102 27808544
103 27808512
104 27808480
105 27808448
106 27808416
107 27808384
108 27808352
109 27808320
110 27808288
111 27808256
112 27808224
113 27808192
114 27808160
115 27808128
116 27808096
117 27808064
118 27808032
119 27808000
120 27807968
121 27807936
122 27807904
123 27807872
124 27807840
125 27807808
126 27807776
127 27807744
128 27815904
129 27815872
130 27815840
131 27815808
132 27815776
133 27815744
134 27815712
135 27815680
136 27815648
137 27815616
138 27815584
139 27815552
140 27815520
141 27815488
142 27815456
143 27815424
144 27815392
145 27815360
146 27815328
147 27815296
148 27815264
149 27815232
150 27815200
151 27815168
152 27815136
153 27815104
154 27815072
155 27815040
156 27815008
157 27814976
158 27814944
159 27814912
160 27814880
161 27814848
162 27814816
163 27814784
164 27814752
165 27814720
166 27814688
167 27814656
168 27814624
169 27814592
170 27814560
171 27814528
172 27814496
173 27814464
174 27814432
175 27814400
176 27814368
177 27814336
178 27814304
179 27814272
180 27814240
181 27814208
182 27814176
183 27814144
184 27814112
185 27814080
186 27814048
187 27814016
188 27813984
189 27813952
190 27813920
191 27813888
192 27813856
193 27813824
194 27813792
195 27813760
196 27813728
197 27813696
198 27813664
199 27813632
200 27813600
201 27813568
202 27813536
203 27813504
204 27813472
205 27813440
206 27813408
207 27813376
208 27813344
209 27813312
210 27813280
211 27813248
212 27813216
213 27813184
214 27813152
215 27813120
216 27813088
217 27813056
218 27813024
219 27812992
220 27812960
221 27812928
222 27812896
223 27812864
224 27812832
225 27812800
226 27812768
227 27812736
228 27812704
229 27812672
230 27812640
231 27812608
232 27812576
233 27812544
234 27812512
235 27812480
236 27812448
237 27812416
238 27812384
239 27812352
240 27812320
241 27812288
242 27812256
243 27812224
244 27812192
245 27812160
246 27812128
247 27812096
248 27812064
249 27812032
250 27812000
251 27811968
252 27811936
253 27811904
254 27811872
255 27811840
256 27820000
257 27819968
258 27819936
259 27819904
260 27819872
261 27819840
262 27819808
263 27819776
264 27819744
265 27819712
266 27819680
267 27819648
268 27819616
269 27819584
270 27819552
271 27819520
272 27819488
273 27819456
274 27819424
275 27819392
276 27819360
277 27819328
278 27819296
279 27819264
280 27819232
281 27819200
282 27819168
283 27819136
284 27819104
285 27819072
286 27819040
287 27819008
288 27818976
289 27818944
290 27818912
291 27818880
292 27818848
293 27818816
294 27818784
295 27818752
296 27818720
297 27818688
298 27818656
299 27818624
300 27818592
301 27818560
302 27818528
303 27818496
304 27818464
305 27818432
306 27818400
307 27818368
308 27818336
309 27818304
310 27818272
311 27818240
312 27818208
313 27818176
314 27818144
315 27818112
316 27818080
317 27818048
318 27818016
319 27817984
320 27817952
321 27817920
322 27817888
323 27817856
324 27817824
325 27817792
326 27817760
327 27817728
328 27817696
329 27817664
330 27817632
331 27817600
332 27817568
333 27817536
334 27817504
335 27817472
336 27817440
337 27817408
338 27817376
339 27817344
340 27817312
341 27817280
342 27817248
343 27817216
344 27817184
345 27817152
346 27817120
347 27817088
348 27817056
349 27817024
350 27816992
351 27816960
352 27816928
353 27816896
354 27816864
355 27816832
356 27816800
357 27816768
358 27816736
359 27816704
360 27816672
361 27816640
362 27816608
363 27816576
364 27816544
365 27816512
366 27816480
367 27816448
368 27816416
369 27816384
370 27816352
371 27816320
372 27816288
373 27816256
374 27816224
375 27816192
376 27816160
377 27816128
378 27816096
379 27816064
380 27816032
381 27816000
382 27815968
383 27815936
384 27824096
385 27824064
386 27824032
387 27824000
388 27823968
389 27823936
390 27823904
391 27823872
392 27823840
393 27823808
394 27823776
395 27823744
396 27823712
397 27823680
398 27823648
399 27823616
400 27823584
401 27823552
402 27823520
403 27823488
404 27823456
405 27823424
406 27823392
407 27823360
408 27823328
409 27823296
410 27823264
411 27823232
412 27823200
413 27823168
414 27823136
415 27823104
416 27823072
417 27823040
418 27823008
419 27822976
420 27822944
421 27822912
422 27822880
423 27822848
424 27822816
425 27822784
426 27822752
427 27822720
428 27822688
429 27822656
430 27822624
431 27822592
432 27822560
433 27822528
434 27822496
435 27822464
436 27822432
437 27822400
438 27822368
439 27822336
440 27822304
441 27822272
442 27822240
443 27822208
444 27822176
445 27822144
446 27822112
447 27822080
448 27822048
449 27822016
450 27821984
451 27821952
452 27821920
453 27821888
454 27821856
455 27821824
456 27821792
457 27821760
458 27821728
459 27821696
460 27821664
461 27821632
462 27821600
463 27821568
464 27821536
465 27821504
466 27821472
467 27821440
468 27821408
469 27821376
470 27821344
471 27821312
472 27821280
473 27821248
474 27821216
475 27821184
476 27821152
477 27821120
478 27821088
479 27821056
480 27821024
481 27820992
482 27820960
483 27820928
484 27820896
485 27820864
486 27820832
487 27820800
488 27820768
489 27820736
490 27820704
491 27820672
492 27820640
493 27820608
494 27820576
495 27820544
496 27820512
497 27820480
498 27820448
499 27820416
500 27820384
501 27820352
502 27820320
503 27820288
504 27820256
505 27820224
506 27820192
507 27820160
508 27820128
509 27820096
510 27820064
511 27820032
512 27828192
513 27828160
514 27828128
515 27828096
516 27828064
517 27828032
518 27828000
519 27827968
520 27827936
521 27827904
522 27827872
523 27827840
524 27827808
525 27827776
526 27827744
527 27827712
528 27827680
529 27827648
530 27827616
531 27827584
532 27827552
533 27827520
534 27827488
535 27827456
536 27827424
537 27827392
538 27827360
539 27827328
540 27827296
541 27827264
542 27827232
543 27827200
544 27827168
545 27827136
546 27827104
547 27827072
548 27827040
549 27827008
550 27826976
551 27826944
552 27826912
553 27826880
554 27826848
555 27826816
556 27826784
557 27826752
558 27826720
559 27826688
560 27826656
561 27826624
562 27826592
563 27826560
564 27826528
565 27826496
566 27826464
567 27826432
568 27826400
569 27826368
570 27826336
571 27826304
572 27826272
573 27826240
574 27826208
575 27826176
576 27826144
577 27826112
578 27826080
579 27826048
580 27826016
581 27825984
582 27825952
583 27825920
584 27825888
585 27825856
586 27825824
587 27825792
588 27825760
589 27825728
590 27825696
591 27825664
592 27825632
593 27825600
594 27825568
595 27825536
596 27825504
597 27825472
598 27825440
599 27825408
600 27825376
601 27825344
602 27825312
603 27825280
604 27825248
605 27825216
606 27825184
607 27825152
608 27825120
609 27825088
610 27825056
611 27825024
612 27824992
613 27824960
614 27824928
615 27824896
616 27824864
617 27824832
618 27824800
619 27824768
620 27824736
621 27824704
622 27824672
623 27824640
624 27824608
625 27824576
626 27824544
627 27824512
628 27824480
629 27824448
630 27824416
631 27824384
632 27824352
633 27824320
634 27824288
635 27824256
636 27824224
637 27824192
638 27824160
639 27824128
640 27832288
641 27832256
642 27832224
643 27832192
644 27832160
645 27832128
646 27832096
647 27832064
648 27832032
649 27832000
650 27831968
651 27831936
652 27831904
653 27831872
654 27831840
655 27831808
656 27831776
657 27831744
658 27831712
659 27831680
660 27831648
661 27831616
662 27831584
663 27831552
664 27831520
665 27831488
666 27831456
667 27831424
668 27831392
669 27831360
670 27831328
671 27831296
672 27831264
673 27831232
674 27831200
675 27831168
676 27831136
677 27831104
678 27831072
679 27831040
680 27831008
681 27830976
682 27830944
683 27830912
684 27830880
685 27830848
686 27830816
687 27830784
688 27830752
689 27830720
690 27830688
691 27830656
692 27830624
693 27830592
694 27830560
695 27830528
696 27830496
697 27830464
698 27830432
699 27830400
700 27830368
701 27830336
702 27830304
703 27830272
704 27830240
705 27830208
706 27830176
707 27830144
708 27830112
709 27830080
710 27830048
711 27830016
712 27829984
713 27829952
714 27829920
715 27829888
716 27829856
717 27829824
718 27829792
719 27829760
720 27829728
721 27829696
722 27829664
723 27829632
724 27829600
725 27829568
726 27829536
727 27829504
728 27829472
729 27829440
730 27829408
731 27829376
732 27829344
733 27829312
734 27829280
735 27829248
736 27829216
737 27829184
738 27829152
739 27829120
740 27829088
741 27829056
742 27829024
743 27828992
744 27828960
745 27828928
746 27828896
747 27828864
748 27828832
749 27828800
750 27828768
751 27828736
752 27828704
753 27828672
754 27828640
755 27828608
756 27828576
757 27828544
758 27828512
759 27828480
760 27828448
761 27828416
762 27828384
763 27828352
764 27828320
765 27828288
766 27828256
767 27828224
768 27836384
769 27836352
770 27836320
771 27836288
772 27836256
773 27836224
774 27836192
775 27836160
776 27836128
777 27836096
778 27836064
779 27836032
780 27836000
781 27835968
782 27835936
783 27835904
784 27835872
785 27835840
786 27835808
787 27835776
788 27835744
789 27835712
790 27835680
791 27835648
792 27835616
793 27835584
794 27835552
795 27835520
796 27835488
797 27835456
798 27835424
799 27835392
800 27835360
801 27835328
802 27835296
803 27835264
804 27835232
805 27835200
806 27835168
807 27835136
808 27835104
809 27835072
810 27835040
811 27835008
812 27834976
813 27834944
814 27834912
815 27834880
816 27834848
817 27834816
818 27834784
819 27834752
820 27834720
821 27834688
822 27834656
823 27834624
824 27834592
825 27834560
826 27834528
827 27834496
828 27834464
829 27834432
830 27834400
831 27834368
832 27834336
833 27834304
834 27834272
835 27834240
836 27834208
837 27834176
838 27834144
839 27834112
840 27834080
841 27834048
842 27834016
843 27833984
844 27833952
845 27833920
846 27833888
847 27833856
848 27833824
849 27833792
850 27833760
851 27833728
852 27833696
853 27833664
854 27833632
855 27833600
856 27833568
857 27833536
858 27833504
859 27833472
860 27833440
861 27833408
862 27833376
863 27833344
864 27833312
865 27833280
866 27833248
867 27833216
868 27833184
869 27833152
870 27833120
871 27833088
872 27833056
873 27833024
874 27832992
875 27832960
876 27832928
877 27832896
878 27832864
879 27832832
880 27832800
881 27832768
882 27832736
883 27832704
884 27832672
885 27832640
886 27832608
887 27832576
888 27832544
889 27832512
890 27832480
891 27832448
892 27832416
893 27832384
894 27832352
895 27832320
896 27840480
897 27840448
898 27840416
899 27840384
900 27840352
901 27840320
902 27840288
903 27840256
904 27840224
905 27840192
906 27840160
907 27840128
908 27840096
909 27840064
910 27840032
911 27840000
912 27839968
913 27839936
914 27839904
915 27839872
916 27839840
917 27839808
918 27839776
919 27839744
920 27839712
921 27839680
922 27839648
923 27839616
924 27839584
925 27839552
926 27839520
927 27839488
928 27839456
929 27839424
930 27839392
931 27839360
932 27839328
933 27839296
934 27839264
935 27839232
936 27839200
937 27839168
938 27839136
939 27839104
940 27839072
941 27839040
942 27839008
943 27838976
944 27838944
945 27838912
946 27838880
947 27838848
948 27838816
949 27838784
950 27838752
951 27838720
952 27838688
953 27838656
954 27838624
955 27838592
956 27838560
957 27838528
958 27838496
959 27838464
960 27838432
961 27838400
962 27838368
963 27838336
964 27838304
965 27838272
966 27838240
967 27838208
968 27838176
969 27838144
970 27838112
971 27838080
972 27838048
973 27838016
974 27837984
975 27837952
976 27837920
977 27837888
978 27837856
979 27837824
980 27837792
981 27837760
982 27837728
983 27837696
984 27837664
985 27837632
986 27837600
987 27837568
988 27837536
989 27837504
990 27837472
991 27837440
992 27837408
993 27837376
994 27837344
995 27837312
996 27837280
997 27837248
998 27837216
999 27837184
