0 6672
24 5304
48 3024
72 2112
96 1488
120 888
144 576
168 504
192 456
216 408
240 528
264 696
288 696
312 648
336 552
360 504
384 408
408 288
432 312
456 288
480 360
504 480
528 504
552 552
576 408
600 408
624 408
648 240
672 312
696 264
720 192
744 312
768 240
792 192
816 336
840 240
864 264
888 288
912 264
936 264
960 264
984 192
1008 168
1032 168
1056 144
1080 120
1104 144
1128 72
1152 96
1176 96
1200 192
1224 216
1248 144
1272 240
1296 216
1320 216
1344 192
1368 192
1392 240
1416 144
1440 144
1464 144
1488 168
1512 144
1536 168
1560 120
1584 96
1608 168
1632 144
1656 144
1680 120
1704 120
1728 72
1752 96
1776 120
1800 72
1824 96
1848 96
1872 144
1896 96
1920 144
1944 168
1968 120
1992 168
2016 48
2040 120
2064 120
2088 168
2112 144
2136 120
2160 48
2184 144
2208 120
2232 120
2256 72
2280 48
2304 72
2328 48
2352 48
2376 72
2400 96
2424 96
2448 144
2472 144
2496 144
2520 144
2544 120
2568 96
2592 72
2616 24
2640 24
2664 24
2688 48
2712 24
2736 120
2760 192
2784 168
2808 216
2832 96
2856 96
2880 72
2904 24
2928 72
2952 48
2976 72
3000 48
3024 96
3048 48
3072 72
3096 24
3168 48
3192 96
3216 72
3240 120
3264 168
3288 120
3312 120
3336 72
3360 72
3384 72
3408 72
3432 120
3456 96
3480 72
3504 72
3528 48
3552 48
3576 72
3600 24
3624 48
3648 48
3672 48
3696 72
3720 48
3744 72
3768 72
3792 48
3816 24
3840 24
3864 24
3888 72
3912 24
3936 48
3960 72
3984 72
4008 24
4128 24
4152 72
4176 120
4200 96
4224 96
4248 96
4272 72
4296 72
4320 72
4344 48
4368 48
4392 24
4416 24
4488 24
4512 48
4536 72
4560 72
4584 96
4608 24
4632 24
4656 24
4680 72
4704 24
4728 72
4752 48
4776 24
4800 48
4824 48
4848 24
4872 24
4968 48
4992 24
5064 24
5088 72
5112 48
5136 48
5208 24
5232 48
5256 24
5280 48
5304 48
5328 72
5352 48
5376 24
5400 48
5424 48
5568 48
5616 24
5640 48
5664 48
5760 24
5808 24
5832 24
5928 72
5952 48
5976 24
6024 24
6048 24
6072 24
6096 48
6120 48
6144 96
6168 96
6192 72
6216 24
6240 24
6312 24
6336 48
6360 24
6384 72
6408 96
6432 144
6456 72
6480 24
6504 48
6528 24
6552 24
6576 48
6600 48
6624 48
6648 24
6672 24
6720 24
6744 48
6768 24
6792 48
6816 96
6840 48
6864 48
6888 24
6912 24
6960 24
7008 24
7032 24
7056 48
7080 24
7104 24
7152 24
7200 24
7224 48
7248 72
7272 72
7296 48
7320 24
7344 24
7416 24
7440 72
7464 48
7488 48
7512 48
7536 24
7560 24
7584 24
7608 24
7632 24
7656 24
7680 24
7704 48
7872 24
7896 24
7920 72
7944 24
7968 48
7992 48
8016 72
8040 48
8064 48
8088 48
8112 24
8136 24
8160 24
8184 24
8208 24
8352 24
8376 24
8544 24
8568 24
8592 24
8712 24
8832 24
8880 24
9000 24
9024 24
9048 72
9072 48
9096 24
9120 24
9144 48
9168 24
9312 24
9336 96
9360 96
9384 72
9408 24
9480 24
9696 24
9744 24
9768 48
9792 48
9816 24
9840 24
10296 24
10320 24
10344 24
10608 48
10632 24
10656 24
10872 24
10944 24
10968 48
10992 24
11016 24
11040 24
11328 24
11352 24
11376 24
11400 24
11424 24
11520 24
11616 24
11760 24
11832 48
11856 48
11880 24
11904 24
11976 24
12024 24
12048 24
12360 24
12384 48
12408 48
12528 24
12552 24
12576 24
12600 48
12624 24
12648 24
12768 24
12792 24
12816 48
12840 24
13008 24
13032 24
13104 24
13200 24
13224 24
13344 24
13368 24
13392 24
13416 24
13440 24
13464 48
13488 24
13512 24
13536 48
13560 72
13584 24
13608 24
13656 24
13800 24
13824 24
13944 48
13968 24
13992 24
14040 24
14112 24
14136 24
14376 24
14400 24
14424 24
14928 48
14952 48
15144 24
15264 24
15288 24
15312 24
15336 48
15360 24
15432 24
15456 24
15528 24
15696 24
15744 24
15888 24
16200 24
16296 24
16344 24
16368 24
16392 24
16416 24
16752 24
16776 24
16848 24
16872 24
16920 24
17088 24
17520 48
17688 24
17952 24
17976 24
18000 48
18360 24
18384 24
18408 24
18816 48
18840 24
20520 24
20544 24
20904 24
21096 48
21312 24
21696 24
22080 24
22656 24
23280 24
23712 24
23736 24
25224 48
25248 24
25536 24
25560 24
25584 24
25608 24
28032 24
28056 24
32328 24
32352 24
32544 24
33168 24
33192 24
33504 24
33624 24
35136 24
36600 24
36624 24
37872 24
38952 24
40896 24
