24 24
24 0
48 24
72 48
72 24
72 0
96 24
120 48
144 72
144 48
144 24
144 0
168 24
192 48
216 72
240 96
240 72
264 96
288 120
288 96
288 72
288 48
312 72
336 96
360 120
384 144
384 120
384 96
408 120
432 144
456 168
456 144
456 120
456 96
480 120
504 144
528 168
552 192
552 168
552 144
552 120
576 144
600 168
624 192
648 216
648 192
648 168
648 144
648 120
672 144
696 168
720 192
744 216
768 240
768 216
768 192
768 168
768 144
792 168
816 192
840 216
864 240
888 264
888 240
888 216
888 192
888 168
888 144
912 168
936 192
960 216
984 240
1008 264
1032 288
1032 264
1032 240
1032 216
1032 192
1032 168
1032 144
1056 168
1080 192
1104 216
1128 240
1152 264
1176 288
1200 312
1200 288
1200 264
1200 240
1200 216
1224 240
1248 264
1272 288
1296 312
1320 336
1320 312
1320 288
1320 264
1320 240
1320 216
1344 240
1368 264
1392 288
1416 312
1440 336
1464 360
1464 336
1464 312
1464 288
1464 264
1464 240
1464 216
1488 240
1512 264
1536 288
1560 312
1584 336
1608 360
1632 384
1632 360
1632 336
1632 312
1632 288
1632 264
1656 288
1680 312
1704 336
1728 360
1752 384
1776 408
1776 384
1776 360
1776 336
1776 312
1776 288
1776 264
1800 288
1824 312
1848 336
1872 360
1896 384
1920 408
1944 432
1944 408
1944 384
1944 360
1944 336
1968 360
1992 384
2016 408
2040 432
2064 456
2064 432
2064 408
2064 384
2064 360
2064 336
2064 312
2088 336
2112 360
2136 384
2160 408
2184 432
2208 456
2232 480
2232 456
2232 432
2232 408
2232 384
2256 408
2280 432
2304 456
2328 480
2352 504
2352 480
2352 456
2352 432
2352 408
2352 384
2352 360
2352 336
2376 360
2400 384
2424 408
2448 432
2472 456
2496 480
2520 504
2544 528
2544 504
2544 480
2544 456
2544 432
2544 408
2544 384
2544 360
2568 384
2592 408
2616 432
2640 456
2664 480
2688 504
2712 528
2736 552
2736 528
2736 504
2736 480
2736 456
2736 432
2736 408
2736 384
2760 408
2784 432
2808 456
2832 480
2856 504
2880 528
2904 552
2928 576
2928 552
2928 528
2928 504
2928 480
2928 456
2928 432
2928 408
2952 432
2976 456
3000 480
3024 504
3048 528
3072 552
3096 576
3120 600
3120 576
3120 552
3144 576
3168 600
3192 624
3192 600
3192 576
3192 552
3216 576
3240 600
3264 624
3288 648
3288 624
3288 600
3288 576
3288 552
3288 528
3312 552
3336 576
3360 600
3384 624
3408 648
3432 672
3432 648
3432 624
3432 600
3432 576
3432 552
3432 528
3432 504
3456 528
3480 552
3504 576
3528 600
3552 624
3576 648
3600 672
3624 696
3624 672
3624 648
3624 624
3624 600
3624 576
3624 552
3624 528
3624 504
3648 528
3672 552
3696 576
3720 600
3744 624
3768 648
3792 672
3816 696
3840 720
3840 696
3840 672
3840 648
3840 624
3840 600
3840 576
3840 552
3840 528
3840 504
3864 528
3888 552
3912 576
3936 600
3960 624
3984 648
4008 672
4032 696
4056 720
4080 744
4080 720
4080 696
4080 672
4080 648
4104 672
4128 696
4152 720
4176 744
4200 768
4200 744
4200 720
4200 696
4200 672
4200 648
4200 624
4224 648
4248 672
4272 696
4296 720
4320 744
4344 768
4368 792
4368 768
4368 744
4368 720
4368 696
4368 672
4392 696
4416 720
4440 744
4464 768
4488 792
4512 816
4512 792
4512 768
4512 744
4512 720
4512 696
4512 672
4512 648
4512 624
4536 648
4560 672
4584 696
4608 720
4632 744
4656 768
4680 792
4704 816
4728 840
4728 816
4728 792
4728 768
4728 744
4728 720
4728 696
4728 672
4752 696
4776 720
4800 744
4824 768
4848 792
4872 816
4896 840
4920 864
4920 840
4920 816
4920 792
4920 768
4920 744
4920 720
4920 696
4920 672
4944 696
4968 720
4992 744
5016 768
5040 792
5064 816
5088 840
5112 864
5136 888
5136 864
5136 840
5136 816
5136 792
5136 768
5136 744
5136 720
5136 696
5160 720
5184 744
5208 768
5232 792
5256 816
5280 840
5304 864
5328 888
5352 912
5352 888
5352 864
5352 840
5376 864
5400 888
5424 912
5448 936
5448 912
5448 888
5448 864
5448 840
5448 816
5472 840
5496 864
5520 888
5544 912
5568 936
5592 960
5592 936
5592 912
5592 888
5592 864
5592 840
5592 816
5592 792
5616 816
5640 840
5664 864
5688 888
5712 912
5736 936
5760 960
5784 984
5784 960
5784 936
5784 912
5784 888
5784 864
5784 840
5808 864
5832 888
5856 912
5880 936
5904 960
5928 984
5952 1008
5952 984
5952 960
5952 936
5952 912
5952 888
5952 864
5952 840
5952 816
5976 840
6000 864
6024 888
6048 912
6072 936
6096 960
6120 984
6144 1008
6168 1032
6168 1008
6168 984
6168 960
6168 936
6168 912
6168 888
6168 864
6168 840
6168 816
6192 840
6216 864
6240 888
6264 912
6288 936
6312 960
6336 984
6360 1008
6384 1032
6408 1056
6408 1032
6408 1008
6408 984
6408 960
6408 936
6408 912
6408 888
6432 912
6456 936
6480 960
6504 984
6528 1008
6552 1032
6576 1056
6600 1080
6600 1056
6600 1032
6600 1008
6600 984
6600 960
6600 936
6600 912
6600 888
6600 864
6600 840
6624 864
6648 888
6672 912
6696 936
6720 960
6744 984
6768 1008
6792 1032
6816 1056
6840 1080
6864 1104
6864 1080
6864 1056
6864 1032
6864 1008
6864 984
6864 960
6864 936
6864 912
6864 888
6864 864
6888 888
6912 912
6936 936
6960 960
6984 984
7008 1008
7032 1032
7056 1056
7080 1080
7104 1104
7128 1128
7128 1104
7128 1080
7128 1056
7128 1032
7128 1008
7128 984
7152 1008
7176 1032
7200 1056
7224 1080
7248 1104
7272 1128
7296 1152
7296 1128
7296 1104
7296 1080
7296 1056
7296 1032
7296 1008
7296 984
7296 960
7296 936
7296 912
7296 888
7320 912
7344 936
7368 960
7392 984
7416 1008
7440 1032
7464 1056
7488 1080
7512 1104
7536 1128
7560 1152
7584 1176
7584 1152
7584 1128
7584 1104
7584 1080
7584 1056
7608 1080
7632 1104
7656 1128
7680 1152
7704 1176
7728 1200
7728 1176
7728 1152
7728 1128
7728 1104
7728 1080
7728 1056
7752 1080
7776 1104
7800 1128
7824 1152
7848 1176
7872 1200
7896 1224
7896 1200
7896 1176
7896 1152
7896 1128
7896 1104
7896 1080
7896 1056
7896 1032
7896 1008
7920 1032
7944 1056
7968 1080
7992 1104
8016 1128
8040 1152
8064 1176
8088 1200
8112 1224
8136 1248
8136 1224
8136 1200
8136 1176
8136 1152
8136 1128
8136 1104
8136 1080
8136 1056
8160 1080
8184 1104
8208 1128
8232 1152
8256 1176
8280 1200
8304 1224
8328 1248
8352 1272
8352 1248
8352 1224
8352 1200
8352 1176
8352 1152
8376 1176
8400 1200
8424 1224
8448 1248
8472 1272
8496 1296
8496 1272
8496 1248
8496 1224
8496 1200
8496 1176
8496 1152
8520 1176
8544 1200
8568 1224
8592 1248
8616 1272
8640 1296
8664 1320
8664 1296
8664 1272
8664 1248
8664 1224
8664 1200
8664 1176
8664 1152
8688 1176
8712 1200
8736 1224
8760 1248
8784 1272
8808 1296
8832 1320
8856 1344
8856 1320
8856 1296
8856 1272
8856 1248
8856 1224
8856 1200
8856 1176
8856 1152
8880 1176
8904 1200
8928 1224
8952 1248
8976 1272
9000 1296
9024 1320
9048 1344
9072 1368
9072 1344
9072 1320
9072 1296
9072 1272
9072 1248
9072 1224
9072 1200
9096 1224
9120 1248
9144 1272
9168 1296
9192 1320
9216 1344
9240 1368
9264 1392
9264 1368
9264 1344
9264 1320
9264 1296
9264 1272
9264 1248
9288 1272
9312 1296
9336 1320
9360 1344
9384 1368
9408 1392
9432 1416
9432 1392
9432 1368
9432 1344
9432 1320
9432 1296
9432 1272
9432 1248
9456 1272
9480 1296
9504 1320
9528 1344
9552 1368
9576 1392
9600 1416
9624 1440
9624 1416
9624 1392
9624 1368
9624 1344
9624 1320
9624 1296
9624 1272
9624 1248
9624 1224
9648 1248
9672 1272
9696 1296
9720 1320
9744 1344
9768 1368
9792 1392
9816 1416
9840 1440
9864 1464
9864 1440
9864 1416
9864 1392
9864 1368
9864 1344
9864 1320
9864 1296
9864 1272
9864 1248
9864 1224
9864 1200
9864 1176
9888 1200
9912 1224
9936 1248
9960 1272
9984 1296
10008 1320
10032 1344
10056 1368
10080 1392
10104 1416
10128 1440
10152 1464
10176 1488
10176 1464
10176 1440
10176 1416
10176 1392
10176 1368
10176 1344
10176 1320
10176 1296
10200 1320
10224 1344
10248 1368
10272 1392
10296 1416
10320 1440
10344 1464
10368 1488
10392 1512
10392 1488
10392 1464
10392 1440
10392 1416
10392 1392
10392 1368
10392 1344
10392 1320
10392 1296
10392 1272
10416 1296
10440 1320
10464 1344
10488 1368
10512 1392
10536 1416
10560 1440
10584 1464
10608 1488
10632 1512
10656 1536
10656 1512
10656 1488
10656 1464
10656 1440
10656 1416
10656 1392
10680 1416
10704 1440
10728 1464
10752 1488
10776 1512
10800 1536
10824 1560
10824 1536
10824 1512
10824 1488
10824 1464
10824 1440
10824 1416
10824 1392
10824 1368
10824 1344
10848 1368
10872 1392
10896 1416
10920 1440
10944 1464
10968 1488
10992 1512
11016 1536
11040 1560
11064 1584
11064 1560
11064 1536
11064 1512
11064 1488
11064 1464
11064 1440
11088 1464
11112 1488
11136 1512
11160 1536
11184 1560
11208 1584
11232 1608
11232 1584
11232 1560
11232 1536
11232 1512
11256 1536
11280 1560
11304 1584
11328 1608
11352 1632
11352 1608
11352 1584
11352 1560
11352 1536
11352 1512
11352 1488
11352 1464
11376 1488
11400 1512
11424 1536
11448 1560
11472 1584
11496 1608
11520 1632
11544 1656
11544 1632
11544 1608
11544 1584
11544 1560
11544 1536
11568 1560
11592 1584
11616 1608
11640 1632
11664 1656
11688 1680
11688 1656
11688 1632
11688 1608
11688 1584
11688 1560
11688 1536
11688 1512
11688 1488
11688 1464
11712 1488
11736 1512
11760 1536
11784 1560
11808 1584
11832 1608
11856 1632
11880 1656
11904 1680
11928 1704
11928 1680
11928 1656
11928 1632
11928 1608
11928 1584
11928 1560
11952 1584
11976 1608
12000 1632
12024 1656
12048 1680
12072 1704
12096 1728
12096 1704
12096 1680
12096 1656
12096 1632
12096 1608
12096 1584
12096 1560
12120 1584
12144 1608
12168 1632
12192 1656
12216 1680
12240 1704
12264 1728
12288 1752
12288 1728
12288 1704
12288 1680
12288 1656
12288 1632
12288 1608
12288 1584
12312 1608
12336 1632
12360 1656
12384 1680
12408 1704
12432 1728
12456 1752
12480 1776
12480 1752
12480 1728
12480 1704
12480 1680
12480 1656
12480 1632
12480 1608
12480 1584
12504 1608
12528 1632
12552 1656
12576 1680
12600 1704
12624 1728
12648 1752
12672 1776
12696 1800
12696 1776
12696 1752
12696 1728
12696 1704
12696 1680
12696 1656
12696 1632
12696 1608
12696 1584
12720 1608
12744 1632
12768 1656
12792 1680
12816 1704
12840 1728
12864 1752
12888 1776
12912 1800
12936 1824
12936 1800
12936 1776
12936 1752
12936 1728
12936 1704
12960 1728
12984 1752
13008 1776
13032 1800
13056 1824
13080 1848
13080 1824
13080 1800
13080 1776
13080 1752
13080 1728
13080 1704
13080 1680
13080 1656
13104 1680
13128 1704
13152 1728
13176 1752
13200 1776
13224 1800
13248 1824
13272 1848
13296 1872
13296 1848
13296 1824
13296 1800
13296 1776
13296 1752
13296 1728
13296 1704
13296 1680
13296 1656
13296 1632
13296 1608
13320 1632
13344 1656
13368 1680
13392 1704
13416 1728
13440 1752
13464 1776
13488 1800
13512 1824
13536 1848
13560 1872
13584 1896
13584 1872
13584 1848
13584 1824
13584 1800
13584 1776
13584 1752
13584 1728
13584 1704
13608 1728
13632 1752
13656 1776
13680 1800
13704 1824
13728 1848
13752 1872
13776 1896
13800 1920
13800 1896
13800 1872
13800 1848
13800 1824
13800 1800
13800 1776
13800 1752
13800 1728
13800 1704
13800 1680
13824 1704
13848 1728
13872 1752
13896 1776
13920 1800
13944 1824
13968 1848
13992 1872
14016 1896
14040 1920
14064 1944
14064 1920
14064 1896
14064 1872
14064 1848
14064 1824
14064 1800
14064 1776
14088 1800
14112 1824
14136 1848
14160 1872
14184 1896
14208 1920
14232 1944
14256 1968
14256 1944
14256 1920
14256 1896
14256 1872
14280 1896
14304 1920
14328 1944
14352 1968
14376 1992
14376 1968
14376 1944
14376 1920
14376 1896
14376 1872
14376 1848
14376 1824
14376 1800
14400 1824
14424 1848
14448 1872
14472 1896
14496 1920
14520 1944
14544 1968
14568 1992
14592 2016
14592 1992
14592 1968
14592 1944
14592 1920
14592 1896
14592 1872
14592 1848
14592 1824
14592 1800
14592 1776
14592 1752
14592 1728
14616 1752
14640 1776
14664 1800
14688 1824
14712 1848
14736 1872
14760 1896
14784 1920
14808 1944
14832 1968
14856 1992
14880 2016
14904 2040
14904 2016
14904 1992
14904 1968
14904 1944
14904 1920
14904 1896
14904 1872
14904 1848
14904 1824
14928 1848
14952 1872
14976 1896
15000 1920
15024 1944
15048 1968
15072 1992
15096 2016
15120 2040
15144 2064
15144 2040
15144 2016
15144 1992
15144 1968
15144 1944
15144 1920
15144 1896
15144 1872
15168 1896
15192 1920
15216 1944
15240 1968
15264 1992
15288 2016
15312 2040
15336 2064
15360 2088
15360 2064
15360 2040
15360 2016
15360 1992
15360 1968
15360 1944
15360 1920
15360 1896
15360 1872
15384 1896
15408 1920
15432 1944
15456 1968
15480 1992
15504 2016
15528 2040
15552 2064
15576 2088
15600 2112
15600 2088
15600 2064
15600 2040
15600 2016
15600 1992
15600 1968
15600 1944
15624 1968
15648 1992
15672 2016
15696 2040
15720 2064
15744 2088
15768 2112
15792 2136
15792 2112
15792 2088
15792 2064
15792 2040
15792 2016
15792 1992
15792 1968
15792 1944
15792 1920
15816 1944
15840 1968
15864 1992
15888 2016
15912 2040
15936 2064
15960 2088
15984 2112
16008 2136
16032 2160
16032 2136
16032 2112
16032 2088
16032 2064
16032 2040
16032 2016
16032 1992
16032 1968
16032 1944
16056 1968
16080 1992
16104 2016
16128 2040
16152 2064
16176 2088
16200 2112
16224 2136
16248 2160
16272 2184
16272 2160
16272 2136
16272 2112
16272 2088
16296 2112
16320 2136
16344 2160
16368 2184
16392 2208
16392 2184
16392 2160
16392 2136
16392 2112
16392 2088
16416 2112
16440 2136
16464 2160
16488 2184
16512 2208
16536 2232
16536 2208
16536 2184
16536 2160
16536 2136
16536 2112
16536 2088
16560 2112
16584 2136
16608 2160
16632 2184
16656 2208
16680 2232
16704 2256
16704 2232
16704 2208
16704 2184
16704 2160
16704 2136
16704 2112
16728 2136
16752 2160
16776 2184
16800 2208
16824 2232
16848 2256
16872 2280
16872 2256
16872 2232
16872 2208
16872 2184
16872 2160
16872 2136
16872 2112
16872 2088
16896 2112
16920 2136
16944 2160
16968 2184
16992 2208
17016 2232
17040 2256
17064 2280
17088 2304
17088 2280
17088 2256
17088 2232
17088 2208
17088 2184
17088 2160
17112 2184
17136 2208
17160 2232
17184 2256
17208 2280
17232 2304
17256 2328
17256 2304
17256 2280
17256 2256
17256 2232
17256 2208
17256 2184
17256 2160
17256 2136
17256 2112
17280 2136
17304 2160
17328 2184
17352 2208
17376 2232
17400 2256
17424 2280
17448 2304
17472 2328
17496 2352
17496 2328
17496 2304
17496 2280
17496 2256
17496 2232
17520 2256
17544 2280
17568 2304
17592 2328
17616 2352
17640 2376
17640 2352
17640 2328
17640 2304
17640 2280
17640 2256
17640 2232
17664 2256
17688 2280
17712 2304
17736 2328
17760 2352
17784 2376
17808 2400
17808 2376
17808 2352
17808 2328
17808 2304
17808 2280
17808 2256
17808 2232
17808 2208
17832 2232
17856 2256
17880 2280
17904 2304
17928 2328
17952 2352
17976 2376
18000 2400
18024 2424
18024 2400
18024 2376
18024 2352
18024 2328
18024 2304
18024 2280
18024 2256
18024 2232
18024 2208
18024 2184
18048 2208
18072 2232
18096 2256
18120 2280
18144 2304
18168 2328
18192 2352
18216 2376
18240 2400
18264 2424
18288 2448
18288 2424
18288 2400
18288 2376
18288 2352
18288 2328
18288 2304
18288 2280
18288 2256
18312 2280
18336 2304
18360 2328
18384 2352
18408 2376
18432 2400
18456 2424
18480 2448
18504 2472
18504 2448
18504 2424
18504 2400
18504 2376
18504 2352
18504 2328
18504 2304
18504 2280
18504 2256
18504 2232
18528 2256
18552 2280
18576 2304
18600 2328
18624 2352
18648 2376
18672 2400
18696 2424
18720 2448
18744 2472
18768 2496
18768 2472
18768 2448
18768 2424
18768 2400
18768 2376
18768 2352
18768 2328
18768 2304
18768 2280
18768 2256
18768 2232
18792 2256
18816 2280
18840 2304
18864 2328
18888 2352
18912 2376
18936 2400
18960 2424
18984 2448
19008 2472
19032 2496
19056 2520
19056 2496
19056 2472
19056 2448
19056 2424
19056 2400
19056 2376
19056 2352
19056 2328
19056 2304
19056 2280
19080 2304
19104 2328
19128 2352
19152 2376
19176 2400
19200 2424
19224 2448
19248 2472
19272 2496
19296 2520
19320 2544
19320 2520
19320 2496
19320 2472
19320 2448
19344 2472
19368 2496
19392 2520
19416 2544
19440 2568
19440 2544
19440 2520
19440 2496
19440 2472
19440 2448
19440 2424
19440 2400
19440 2376
19440 2352
19440 2328
19440 2304
19440 2280
19440 2256
19464 2280
19488 2304
19512 2328
19536 2352
19560 2376
19584 2400
19608 2424
19632 2448
19656 2472
19680 2496
19704 2520
19728 2544
19752 2568
19776 2592
19776 2568
19776 2544
19776 2520
19776 2496
19776 2472
19776 2448
19776 2424
19776 2400
19776 2376
19800 2400
19824 2424
19848 2448
19872 2472
19896 2496
19920 2520
19944 2544
19968 2568
19992 2592
20016 2616
20016 2592
20016 2568
20016 2544
20016 2520
20016 2496
20016 2472
20016 2448
20016 2424
20016 2400
20040 2424
20064 2448
20088 2472
20112 2496
20136 2520
20160 2544
20184 2568
20208 2592
20232 2616
20256 2640
20256 2616
20256 2592
20256 2568
20256 2544
20256 2520
20256 2496
20256 2472
20256 2448
20256 2424
20256 2400
20280 2424
20304 2448
20328 2472
20352 2496
20376 2520
20400 2544
20424 2568
20448 2592
20472 2616
20496 2640
20520 2664
20520 2640
20520 2616
20520 2592
20520 2568
20520 2544
20520 2520
20520 2496
20520 2472
20520 2448
20544 2472
20568 2496
20592 2520
20616 2544
20640 2568
20664 2592
20688 2616
20712 2640
20736 2664
20760 2688
20760 2664
20760 2640
20760 2616
20760 2592
20760 2568
20784 2592
20808 2616
20832 2640
20856 2664
20880 2688
20904 2712
20904 2688
20904 2664
20904 2640
20904 2616
20904 2592
20904 2568
20904 2544
20904 2520
20904 2496
20904 2472
20928 2496
20952 2520
20976 2544
21000 2568
21024 2592
21048 2616
21072 2640
21096 2664
21120 2688
21144 2712
21168 2736
21168 2712
21168 2688
21168 2664
21168 2640
21168 2616
21192 2640
21216 2664
21240 2688
21264 2712
21288 2736
21312 2760
21312 2736
21312 2712
21312 2688
21312 2664
21312 2640
21312 2616
21312 2592
21312 2568
21312 2544
21312 2520
21312 2496
21336 2520
21360 2544
21384 2568
21408 2592
21432 2616
21456 2640
21480 2664
21504 2688
21528 2712
21552 2736
21576 2760
21600 2784
21600 2760
21600 2736
21600 2712
21600 2688
21600 2664
21600 2640
21600 2616
21600 2592
21600 2568
21600 2544
21600 2520
21600 2496
21624 2520
21648 2544
21672 2568
21696 2592
21720 2616
21744 2640
21768 2664
21792 2688
21816 2712
21840 2736
21864 2760
21888 2784
21912 2808
21912 2784
21912 2760
21912 2736
21912 2712
21912 2688
21912 2664
21912 2640
21936 2664
21960 2688
21984 2712
22008 2736
22032 2760
22056 2784
22080 2808
22104 2832
22104 2808
22104 2784
22104 2760
22104 2736
22104 2712
22104 2688
22104 2664
22128 2688
22152 2712
22176 2736
22200 2760
22224 2784
22248 2808
22272 2832
22296 2856
22296 2832
22296 2808
22296 2784
22296 2760
22296 2736
22296 2712
22296 2688
22296 2664
22296 2640
22320 2664
22344 2688
22368 2712
22392 2736
22416 2760
22440 2784
22464 2808
22488 2832
22512 2856
22536 2880
22536 2856
22536 2832
22536 2808
22536 2784
22536 2760
22536 2736
22536 2712
22536 2688
22536 2664
22560 2688
22584 2712
22608 2736
22632 2760
22656 2784
22680 2808
22704 2832
22728 2856
22752 2880
22776 2904
22776 2880
22776 2856
22776 2832
22776 2808
22776 2784
22776 2760
22776 2736
22800 2760
22824 2784
22848 2808
22872 2832
22896 2856
22920 2880
22944 2904
22968 2928
22968 2904
22968 2880
22968 2856
22968 2832
22968 2808
22968 2784
22968 2760
22968 2736
22968 2712
22968 2688
22992 2712
23016 2736
23040 2760
23064 2784
23088 2808
23112 2832
23136 2856
23160 2880
23184 2904
23208 2928
23232 2952
23232 2928
23232 2904
23232 2880
23232 2856
23232 2832
23232 2808
23256 2832
23280 2856
23304 2880
23328 2904
23352 2928
23376 2952
23400 2976
23400 2952
23400 2928
23400 2904
23400 2880
23400 2856
23400 2832
23424 2856
23448 2880
23472 2904
23496 2928
23520 2952
23544 2976
23568 3000
23568 2976
23568 2952
23568 2928
23568 2904
23568 2880
23568 2856
23568 2832
23568 2808
23592 2832
23616 2856
23640 2880
23664 2904
23688 2928
23712 2952
23736 2976
23760 3000
23784 3024
23784 3000
23784 2976
23784 2952
23784 2928
23784 2904
23784 2880
23784 2856
23784 2832
23784 2808
23784 2784
23784 2760
23808 2784
23832 2808
23856 2832
23880 2856
23904 2880
23928 2904
23952 2928
23976 2952
24000 2976
24024 3000
24048 3024
24072 3048
24072 3024
24072 3000
24072 2976
24072 2952
24072 2928
24072 2904
24072 2880
24096 2904
24120 2928
24144 2952
24168 2976
24192 3000
24216 3024
24240 3048
24264 3072
24264 3048
24264 3024
24264 3000
24264 2976
24264 2952
24264 2928
24264 2904
24288 2928
24312 2952
24336 2976
24360 3000
24384 3024
24408 3048
24432 3072
24456 3096
24456 3072
24456 3048
24456 3024
24456 3000
24456 2976
24456 2952
24456 2928
24456 2904
24456 2880
24480 2904
24504 2928
24528 2952
24552 2976
24576 3000
24600 3024
24624 3048
24648 3072
24672 3096
24696 3120
24696 3096
24696 3072
24696 3048
24696 3024
24696 3000
24696 2976
24696 2952
24720 2976
24744 3000
24768 3024
24792 3048
24816 3072
24840 3096
24864 3120
24888 3144
24888 3120
24888 3096
24888 3072
24888 3048
24888 3024
24888 3000
24888 2976
24888 2952
24888 2928
24888 2904
24912 2928
24936 2952
24960 2976
24984 3000
25008 3024
25032 3048
25056 3072
25080 3096
25104 3120
25128 3144
25152 3168
25152 3144
25152 3120
25152 3096
25152 3072
25152 3048
25152 3024
25176 3048
25200 3072
25224 3096
25248 3120
25272 3144
25296 3168
25320 3192
25320 3168
25320 3144
25320 3120
25320 3096
25320 3072
25320 3048
25320 3024
25320 3000
25320 2976
25320 2952
25320 2928
25344 2952
25368 2976
25392 3000
25416 3024
25440 3048
25464 3072
25488 3096
25512 3120
25536 3144
25560 3168
25584 3192
25608 3216
25608 3192
25608 3168
25632 3192
25656 3216
25680 3240
25680 3216
25680 3192
25680 3168
25680 3144
25680 3120
25680 3096
25680 3072
25680 3048
25680 3024
25680 3000
25680 2976
25680 2952
25704 2976
25728 3000
25752 3024
25776 3048
25800 3072
25824 3096
25848 3120
25872 3144
25896 3168
25920 3192
25944 3216
25968 3240
25992 3264
25992 3240
25992 3216
25992 3192
25992 3168
25992 3144
25992 3120
25992 3096
26016 3120
26040 3144
26064 3168
26088 3192
26112 3216
26136 3240
26160 3264
26184 3288
26184 3264
26184 3240
26184 3216
26184 3192
26184 3168
26184 3144
26184 3120
26184 3096
26184 3072
26184 3048
26184 3024
26184 3000
26184 2976
26208 3000
26232 3024
26256 3048
26280 3072
26304 3096
26328 3120
26352 3144
26376 3168
26400 3192
26424 3216
26448 3240
26472 3264
26496 3288
26520 3312
26520 3288
26520 3264
26520 3240
26520 3216
26520 3192
26520 3168
26520 3144
26520 3120
26520 3096
26520 3072
26520 3048
26520 3024
26520 3000
26544 3024
26568 3048
26592 3072
26616 3096
26640 3120
26664 3144
26688 3168
26712 3192
26736 3216
26760 3240
26784 3264
26808 3288
26832 3312
26856 3336
26856 3312
26856 3288
26856 3264
26856 3240
26856 3216
26856 3192
26856 3168
26856 3144
26880 3168
26904 3192
26928 3216
26952 3240
26976 3264
27000 3288
27024 3312
27048 3336
27072 3360
27072 3336
27072 3312
27072 3288
27072 3264
27072 3240
27072 3216
27072 3192
27096 3216
27120 3240
27144 3264
27168 3288
27192 3312
27216 3336
27240 3360
27264 3384
27264 3360
27264 3336
27264 3312
27264 3288
27264 3264
27264 3240
27264 3216
27264 3192
27264 3168
27264 3144
27288 3168
27312 3192
27336 3216
27360 3240
27384 3264
27408 3288
27432 3312
27456 3336
27480 3360
27504 3384
27528 3408
27528 3384
27528 3360
27528 3336
27528 3312
27528 3288
27528 3264
27528 3240
27528 3216
27528 3192
27552 3216
27576 3240
27600 3264
27624 3288
27648 3312
27672 3336
27696 3360
27720 3384
27744 3408
27768 3432
27768 3408
27768 3384
27768 3360
27768 3336
27768 3312
27768 3288
27768 3264
27792 3288
27816 3312
27840 3336
27864 3360
27888 3384
27912 3408
27936 3432
27960 3456
27960 3432
27960 3408
27960 3384
27960 3360
27960 3336
27960 3312
27960 3288
27960 3264
27960 3240
27984 3264
28008 3288
28032 3312
28056 3336
28080 3360
28104 3384
28128 3408
28152 3432
28176 3456
28200 3480
28200 3456
28200 3432
28200 3408
28200 3384
28200 3360
28200 3336
28200 3312
28200 3288
28200 3264
28200 3240
28224 3264
28248 3288
28272 3312
28296 3336
28320 3360
28344 3384
28368 3408
28392 3432
28416 3456
28440 3480
28464 3504
28464 3480
28464 3456
28464 3432
28464 3408
28464 3384
28464 3360
28488 3384
28512 3408
28536 3432
28560 3456
28584 3480
28608 3504
28632 3528
28632 3504
28632 3480
28632 3456
28632 3432
28632 3408
28632 3384
28632 3360
28632 3336
28656 3360
28680 3384
28704 3408
28728 3432
28752 3456
28776 3480
28800 3504
28824 3528
28848 3552
28848 3528
28848 3504
28848 3480
28848 3456
28848 3432
28848 3408
28848 3384
28848 3360
28848 3336
28848 3312
28872 3336
28896 3360
28920 3384
28944 3408
28968 3432
28992 3456
29016 3480
29040 3504
29064 3528
29088 3552
29112 3576
29112 3552
29112 3528
29112 3504
29112 3480
29112 3456
29112 3432
29112 3408
29112 3384
29112 3360
29112 3336
29112 3312
29112 3288
29136 3312
29160 3336
29184 3360
29208 3384
29232 3408
29256 3432
29280 3456
29304 3480
29328 3504
29352 3528
29376 3552
29400 3576
29424 3600
29424 3576
29424 3552
29424 3528
29424 3504
29424 3480
29424 3456
29424 3432
29424 3408
29424 3384
29448 3408
29472 3432
29496 3456
29520 3480
29544 3504
29568 3528
29592 3552
29616 3576
29640 3600
29664 3624
29664 3600
29664 3576
29664 3552
29664 3528
29664 3504
29664 3480
29664 3456
29664 3432
29664 3408
29664 3384
29688 3408
29712 3432
29736 3456
29760 3480
29784 3504
29808 3528
29832 3552
29856 3576
29880 3600
29904 3624
29928 3648
29928 3624
29928 3600
29928 3576
29928 3552
29928 3528
29928 3504
29928 3480
29928 3456
29928 3432
29928 3408
29952 3432
29976 3456
30000 3480
30024 3504
30048 3528
30072 3552
30096 3576
30120 3600
30144 3624
30168 3648
30192 3672
30192 3648
30192 3624
30192 3600
30192 3576
30192 3552
30192 3528
30192 3504
30192 3480
30192 3456
30192 3432
30216 3456
30240 3480
30264 3504
30288 3528
30312 3552
30336 3576
30360 3600
30384 3624
30408 3648
30432 3672
30456 3696
30456 3672
30456 3648
30456 3624
30456 3600
30456 3576
30456 3552
30456 3528
30456 3504
30456 3480
30456 3456
30456 3432
30456 3408
30456 3384
30456 3360
30480 3384
30504 3408
30528 3432
30552 3456
30576 3480
30600 3504
30624 3528
30648 3552
30672 3576
30696 3600
30720 3624
30744 3648
30768 3672
30792 3696
30816 3720
30816 3696
30816 3672
30816 3648
30816 3624
30816 3600
30816 3576
30816 3552
30816 3528
30840 3552
30864 3576
30888 3600
30912 3624
30936 3648
30960 3672
30984 3696
31008 3720
31032 3744
31032 3720
31032 3696
31032 3672
31032 3648
31032 3624
31032 3600
31032 3576
31032 3552
31032 3528
31032 3504
31032 3480
31056 3504
31080 3528
31104 3552
31128 3576
31152 3600
31176 3624
31200 3648
31224 3672
31248 3696
31272 3720
31296 3744
31320 3768
31320 3744
31320 3720
31320 3696
31320 3672
31320 3648
31320 3624
31320 3600
31320 3576
31320 3552
31320 3528
31320 3504
31320 3480
31344 3504
31368 3528
31392 3552
31416 3576
31440 3600
31464 3624
31488 3648
31512 3672
31536 3696
31560 3720
31584 3744
31608 3768
31632 3792
31632 3768
31632 3744
31632 3720
31632 3696
31632 3672
31632 3648
31632 3624
31632 3600
31656 3624
31680 3648
31704 3672
31728 3696
31752 3720
31776 3744
31800 3768
31824 3792
31848 3816
31848 3792
31848 3768
31848 3744
31848 3720
31848 3696
31848 3672
31848 3648
31872 3672
31896 3696
31920 3720
31944 3744
31968 3768
31992 3792
32016 3816
32040 3840
32040 3816
32040 3792
32040 3768
32040 3744
32040 3720
32040 3696
32040 3672
32040 3648
32040 3624
32040 3600
32064 3624
32088 3648
32112 3672
32136 3696
32160 3720
32184 3744
32208 3768
32232 3792
32256 3816
32280 3840
32304 3864
32304 3840
32304 3816
32304 3792
32304 3768
32304 3744
32304 3720
32304 3696
32304 3672
32304 3648
32328 3672
32352 3696
32376 3720
32400 3744
32424 3768
32448 3792
32472 3816
32496 3840
32520 3864
32544 3888
32544 3864
32544 3840
32544 3816
32544 3792
32544 3768
32544 3744
32544 3720
32544 3696
32544 3672
32544 3648
32568 3672
32592 3696
32616 3720
32640 3744
32664 3768
32688 3792
32712 3816
32736 3840
32760 3864
32784 3888
32808 3912
32808 3888
32808 3864
32808 3840
32808 3816
32808 3792
32808 3768
32808 3744
32808 3720
32808 3696
32808 3672
32832 3696
32856 3720
32880 3744
32904 3768
32928 3792
32952 3816
32976 3840
33000 3864
33024 3888
33048 3912
33072 3936
33072 3912
33072 3888
33072 3864
33072 3840
33072 3816
33072 3792
33072 3768
33072 3744
33072 3720
33072 3696
33072 3672
33096 3696
33120 3720
33144 3744
33168 3768
33192 3792
33216 3816
33240 3840
33264 3864
33288 3888
33312 3912
33336 3936
33360 3960
33360 3936
33360 3912
33360 3888
33360 3864
33360 3840
33384 3864
33408 3888
33432 3912
33456 3936
33480 3960
33504 3984
33504 3960
33504 3936
33504 3912
33504 3888
33504 3864
33504 3840
33504 3816
33528 3840
33552 3864
33576 3888
33600 3912
33624 3936
33648 3960
33672 3984
33696 4008
33696 3984
33696 3960
33696 3936
33696 3912
33696 3888
33696 3864
33696 3840
33696 3816
33696 3792
33696 3768
33696 3744
33720 3768
33744 3792
33768 3816
33792 3840
33816 3864
33840 3888
33864 3912
33888 3936
33912 3960
33936 3984
33960 4008
33984 4032
33984 4008
33984 3984
33984 3960
33984 3936
33984 3912
33984 3888
33984 3864
33984 3840
33984 3816
33984 3792
34008 3816
34032 3840
34056 3864
34080 3888
34104 3912
34128 3936
34152 3960
34176 3984
34200 4008
34224 4032
34248 4056
34248 4032
34248 4008
34248 3984
34248 3960
34248 3936
34248 3912
34248 3888
34272 3912
34296 3936
34320 3960
34344 3984
34368 4008
34392 4032
34416 4056
34440 4080
34440 4056
34440 4032
34440 4008
34440 3984
34440 3960
34440 3936
34440 3912
34464 3936
34488 3960
34512 3984
34536 4008
34560 4032
34584 4056
34608 4080
34632 4104
34632 4080
34632 4056
34632 4032
34632 4008
34632 3984
34632 3960
34632 3936
34632 3912
34632 3888
34632 3864
34632 3840
34656 3864
34680 3888
34704 3912
34728 3936
34752 3960
34776 3984
34800 4008
34824 4032
34848 4056
34872 4080
34896 4104
34920 4128
34920 4104
34920 4080
34920 4056
34920 4032
34920 4008
34944 4032
34968 4056
34992 4080
35016 4104
35040 4128
35064 4152
35064 4128
35064 4104
35064 4080
35064 4056
35064 4032
35064 4008
35064 3984
35064 3960
35064 3936
35064 3912
35088 3936
35112 3960
35136 3984
35160 4008
35184 4032
35208 4056
35232 4080
35256 4104
35280 4128
35304 4152
35328 4176
35328 4152
35328 4128
35328 4104
35328 4080
35328 4056
35328 4032
35328 4008
35328 3984
35328 3960
35328 3936
35328 3912
35328 3888
35352 3912
35376 3936
35400 3960
35424 3984
35448 4008
35472 4032
35496 4056
35520 4080
35544 4104
35568 4128
35592 4152
35616 4176
35640 4200
35640 4176
35640 4152
35640 4128
35640 4104
35640 4080
35640 4056
35640 4032
35640 4008
35640 3984
35640 3960
35640 3936
35664 3960
35688 3984
35712 4008
35736 4032
35760 4056
35784 4080
35808 4104
35832 4128
35856 4152
35880 4176
35904 4200
35928 4224
35928 4200
35928 4176
35928 4152
35928 4128
35928 4104
35928 4080
35928 4056
35928 4032
35928 4008
35928 3984
35928 3960
35928 3936
35928 3912
35952 3936
35976 3960
36000 3984
36024 4008
36048 4032
36072 4056
36096 4080
36120 4104
36144 4128
36168 4152
36192 4176
36216 4200
36240 4224
36264 4248
36264 4224
36264 4200
36264 4176
36264 4152
36264 4128
36264 4104
36264 4080
36264 4056
36288 4080
36312 4104
36336 4128
36360 4152
36384 4176
36408 4200
36432 4224
36456 4248
36480 4272
36480 4248
36480 4224
36480 4200
36480 4176
36480 4152
36480 4128
36480 4104
36480 4080
36480 4056
36480 4032
36480 4008
36504 4032
36528 4056
36552 4080
36576 4104
36600 4128
36624 4152
36648 4176
36672 4200
36696 4224
36720 4248
36744 4272
36768 4296
36768 4272
36768 4248
36768 4224
36768 4200
36768 4176
36768 4152
36768 4128
36768 4104
36768 4080
36768 4056
36768 4032
36792 4056
36816 4080
36840 4104
36864 4128
36888 4152
36912 4176
36936 4200
36960 4224
36984 4248
37008 4272
37032 4296
37056 4320
37056 4296
37056 4272
37056 4248
37056 4224
37056 4200
37056 4176
37056 4152
37056 4128
37056 4104
37056 4080
37056 4056
37080 4080
37104 4104
37128 4128
37152 4152
37176 4176
37200 4200
37224 4224
37248 4248
37272 4272
37296 4296
37320 4320
37344 4344
37344 4320
37344 4296
37344 4272
37344 4248
37344 4224
37344 4200
37344 4176
37344 4152
37344 4128
37344 4104
37344 4080
37344 4056
37344 4032
37368 4056
37392 4080
37416 4104
37440 4128
37464 4152
37488 4176
37512 4200
37536 4224
37560 4248
37584 4272
37608 4296
37632 4320
37656 4344
37680 4368
37680 4344
37680 4320
37680 4296
37680 4272
37680 4248
37680 4224
37680 4200
37680 4176
37680 4152
37680 4128
37680 4104
37680 4080
37704 4104
37728 4128
37752 4152
37776 4176
37800 4200
37824 4224
37848 4248
37872 4272
37896 4296
37920 4320
37944 4344
37968 4368
37992 4392
37992 4368
37992 4344
37992 4320
37992 4296
37992 4272
37992 4248
37992 4224
37992 4200
38016 4224
38040 4248
38064 4272
38088 4296
38112 4320
38136 4344
38160 4368
38184 4392
38208 4416
38208 4392
38208 4368
38208 4344
38208 4320
38208 4296
38208 4272
38208 4248
38208 4224
38208 4200
38208 4176
38232 4200
38256 4224
38280 4248
38304 4272
38328 4296
38352 4320
38376 4344
38400 4368
38424 4392
38448 4416
38472 4440
38472 4416
38472 4392
38472 4368
38472 4344
38472 4320
38472 4296
38472 4272
38472 4248
38472 4224
38472 4200
38472 4176
38472 4152
38496 4176
38520 4200
38544 4224
38568 4248
38592 4272
38616 4296
38640 4320
38664 4344
38688 4368
38712 4392
38736 4416
38760 4440
38784 4464
38784 4440
38784 4416
38784 4392
38784 4368
38784 4344
38784 4320
38784 4296
38784 4272
38808 4296
38832 4320
38856 4344
38880 4368
38904 4392
38928 4416
38952 4440
38976 4464
39000 4488
39000 4464
39000 4440
39000 4416
39000 4392
39000 4368
39000 4344
39000 4320
39000 4296
39000 4272
39000 4248
39000 4224
39024 4248
39048 4272
39072 4296
39096 4320
39120 4344
39144 4368
39168 4392
39192 4416
39216 4440
39240 4464
39264 4488
39288 4512
39288 4488
39288 4464
39288 4440
39288 4416
39288 4392
39288 4368
39288 4344
39288 4320
39288 4296
39288 4272
39288 4248
39288 4224
39312 4248
39336 4272
39360 4296
39384 4320
39408 4344
39432 4368
39456 4392
39480 4416
39504 4440
39528 4464
39552 4488
39576 4512
39600 4536
39600 4512
39600 4488
39600 4464
39600 4440
39600 4416
39600 4392
39600 4368
39600 4344
39600 4320
39600 4296
39624 4320
39648 4344
39672 4368
39696 4392
39720 4416
39744 4440
39768 4464
39792 4488
39816 4512
39840 4536
39864 4560
39864 4536
39864 4512
39864 4488
39864 4464
39864 4440
39864 4416
39864 4392
39864 4368
39864 4344
39864 4320
39864 4296
39888 4320
39912 4344
39936 4368
39960 4392
39984 4416
40008 4440
40032 4464
40056 4488
40080 4512
40104 4536
40128 4560
40152 4584
40152 4560
40152 4536
40152 4512
40152 4488
40152 4464
40152 4440
40152 4416
40152 4392
40176 4416
40200 4440
40224 4464
40248 4488
40272 4512
40296 4536
40320 4560
40344 4584
40368 4608
40368 4584
40368 4560
40368 4536
40368 4512
40368 4488
40392 4512
40416 4536
40440 4560
40464 4584
40488 4608
40512 4632
40512 4608
40512 4584
40512 4560
40512 4536
40512 4512
40512 4488
40512 4464
40512 4440
40512 4416
40512 4392
40512 4368
40512 4344
40536 4368
40560 4392
40584 4416
40608 4440
40632 4464
40656 4488
40680 4512
40704 4536
40728 4560
40752 4584
40776 4608
40800 4632
40824 4656
40824 4632
40824 4608
40824 4584
40824 4560
40824 4536
40824 4512
40848 4536
40872 4560
40896 4584
40920 4608
40944 4632
40968 4656
40992 4680
40992 4656
40992 4632
40992 4608
40992 4584
40992 4560
40992 4536
40992 4512
40992 4488
40992 4464
40992 4440
40992 4416
41016 4440
41040 4464
41064 4488
41088 4512
41112 4536
41136 4560
41160 4584
41184 4608
41208 4632
41232 4656
41256 4680
41280 4704
41280 4680
41280 4656
41280 4632
41280 4608
41280 4584
41280 4560
41304 4584
41328 4608
41352 4632
41376 4656
41400 4680
41424 4704
41448 4728
41448 4704
41448 4680
41448 4656
41448 4632
41448 4608
41448 4584
41448 4560
41472 4584
41496 4608
41520 4632
41544 4656
41568 4680
41592 4704
41616 4728
41640 4752
41640 4728
41640 4704
41640 4680
41640 4656
41640 4632
41640 4608
41640 4584
41640 4560
41640 4536
41640 4512
41640 4488
41640 4464
41664 4488
41688 4512
41712 4536
41736 4560
41760 4584
41784 4608
41808 4632
41832 4656
41856 4680
41880 4704
41904 4728
41928 4752
41952 4776
41952 4752
41952 4728
41952 4704
41952 4680
41952 4656
41952 4632
41952 4608
41952 4584
41952 4560
41952 4536
41952 4512
41952 4488
41976 4512
42000 4536
42024 4560
42048 4584
42072 4608
42096 4632
42120 4656
42144 4680
42168 4704
42192 4728
42216 4752
42240 4776
42264 4800
42264 4776
42264 4752
42264 4728
42264 4704
42264 4680
42264 4656
42264 4632
42264 4608
42288 4632
42312 4656
42336 4680
42360 4704
42384 4728
42408 4752
42432 4776
42456 4800
42480 4824
42480 4800
42480 4776
42480 4752
42480 4728
42480 4704
42480 4680
42480 4656
42480 4632
42504 4656
42528 4680
42552 4704
42576 4728
42600 4752
42624 4776
42648 4800
42672 4824
42696 4848
42696 4824
42696 4800
42696 4776
42696 4752
42696 4728
42696 4704
42696 4680
42696 4656
42696 4632
42720 4656
42744 4680
42768 4704
42792 4728
42816 4752
42840 4776
42864 4800
42888 4824
42912 4848
42936 4872
42936 4848
42936 4824
42936 4800
42936 4776
42936 4752
42936 4728
42936 4704
42936 4680
42936 4656
42936 4632
42936 4608
42936 4584
42960 4608
42984 4632
43008 4656
43032 4680
43056 4704
43080 4728
43104 4752
43128 4776
43152 4800
43176 4824
43200 4848
43224 4872
43248 4896
43248 4872
43248 4848
43248 4824
43248 4800
43248 4776
43248 4752
43248 4728
43248 4704
43248 4680
43272 4704
43296 4728
43320 4752
43344 4776
43368 4800
43392 4824
43416 4848
43440 4872
43464 4896
43488 4920
43488 4896
43488 4872
43488 4848
43488 4824
43488 4800
43488 4776
43488 4752
43488 4728
43488 4704
43512 4728
43536 4752
43560 4776
43584 4800
43608 4824
43632 4848
43656 4872
43680 4896
43704 4920
43728 4944
43728 4920
43728 4896
43728 4872
43728 4848
43728 4824
43728 4800
43728 4776
43728 4752
43728 4728
43728 4704
43728 4680
43752 4704
43776 4728
43800 4752
43824 4776
43848 4800
43872 4824
43896 4848
43920 4872
43944 4896
43968 4920
43992 4944
44016 4968
44016 4944
44016 4920
44016 4896
44016 4872
44016 4848
44016 4824
44016 4800
44040 4824
44064 4848
44088 4872
44112 4896
44136 4920
44160 4944
44184 4968
44208 4992
44208 4968
44208 4944
44208 4920
44208 4896
44208 4872
44208 4848
44208 4824
44208 4800
44232 4824
44256 4848
44280 4872
44304 4896
44328 4920
44352 4944
44376 4968
44400 4992
44424 5016
44424 4992
44424 4968
44424 4944
44424 4920
44424 4896
44424 4872
44424 4848
44424 4824
44424 4800
44424 4776
44424 4752
44448 4776
44472 4800
44496 4824
44520 4848
44544 4872
44568 4896
44592 4920
44616 4944
44640 4968
44664 4992
44688 5016
44712 5040
44712 5016
44712 4992
44712 4968
44712 4944
44712 4920
44712 4896
44712 4872
44712 4848
44712 4824
44712 4800
44712 4776
44712 4752
44712 4728
44712 4704
44736 4728
44760 4752
44784 4776
44808 4800
44832 4824
44856 4848
44880 4872
44904 4896
44928 4920
44952 4944
44976 4968
45000 4992
45024 5016
45048 5040
45072 5064
45072 5040
45072 5016
45072 4992
45072 4968
45072 4944
45072 4920
45072 4896
45072 4872
45072 4848
45072 4824
45072 4800
45072 4776
45072 4752
45096 4776
45120 4800
45144 4824
45168 4848
45192 4872
45216 4896
45240 4920
45264 4944
45288 4968
45312 4992
45336 5016
45360 5040
45384 5064
45408 5088
45408 5064
45408 5040
45408 5016
45408 4992
45408 4968
45408 4944
45408 4920
45408 4896
45432 4920
45456 4944
45480 4968
45504 4992
45528 5016
45552 5040
45576 5064
45600 5088
45624 5112
45624 5088
45624 5064
45624 5040
45624 5016
45624 4992
45648 5016
45672 5040
45696 5064
45720 5088
45744 5112
45768 5136
45768 5112
45768 5088
45768 5064
45768 5040
45768 5016
45768 4992
45768 4968
45768 4944
45768 4920
45768 4896
45792 4920
45816 4944
45840 4968
45864 4992
45888 5016
45912 5040
45936 5064
45960 5088
45984 5112
46008 5136
46032 5160
46032 5136
46032 5112
46032 5088
46032 5064
46032 5040
46032 5016
46032 4992
46032 4968
46032 4944
46032 4920
46032 4896
46056 4920
46080 4944
46104 4968
46128 4992
46152 5016
46176 5040
46200 5064
46224 5088
46248 5112
46272 5136
46296 5160
46320 5184
46320 5160
46320 5136
46320 5112
46320 5088
46320 5064
46320 5040
46320 5016
46320 4992
46320 4968
46344 4992
46368 5016
46392 5040
46416 5064
46440 5088
46464 5112
46488 5136
46512 5160
46536 5184
46560 5208
46560 5184
46560 5160
46560 5136
46560 5112
46560 5088
46560 5064
46560 5040
46560 5016
46584 5040
46608 5064
46632 5088
46656 5112
46680 5136
46704 5160
46728 5184
46752 5208
46776 5232
46776 5208
46776 5184
46776 5160
46776 5136
46776 5112
46776 5088
46776 5064
46776 5040
46776 5016
46776 4992
46776 4968
46776 4944
46776 4920
46800 4944
46824 4968
46848 4992
46872 5016
46896 5040
46920 5064
46944 5088
46968 5112
46992 5136
47016 5160
47040 5184
47064 5208
47088 5232
47112 5256
47112 5232
47112 5208
47112 5184
47112 5160
47112 5136
47112 5112
47112 5088
47112 5064
47112 5040
47112 5016
47112 4992
47112 4968
47112 4944
47136 4968
47160 4992
47184 5016
47208 5040
47232 5064
47256 5088
47280 5112
47304 5136
47328 5160
47352 5184
47376 5208
47400 5232
47424 5256
47448 5280
47448 5256
47448 5232
47448 5208
47448 5184
47448 5160
47448 5136
47448 5112
47448 5088
47448 5064
47448 5040
47448 5016
47448 4992
47448 4968
47472 4992
47496 5016
47520 5040
47544 5064
47568 5088
47592 5112
47616 5136
47640 5160
47664 5184
47688 5208
47712 5232
47736 5256
47760 5280
47784 5304
47784 5280
47784 5256
47784 5232
47784 5208
47784 5184
47784 5160
47784 5136
47784 5112
47784 5088
47784 5064
47808 5088
47832 5112
47856 5136
47880 5160
47904 5184
47928 5208
47952 5232
47976 5256
48000 5280
48024 5304
48048 5328
48048 5304
48048 5280
48048 5256
48048 5232
48048 5208
48048 5184
48048 5160
48048 5136
48048 5112
48048 5088
48048 5064
48048 5040
48048 5016
48072 5040
48096 5064
48120 5088
48144 5112
48168 5136
48192 5160
48216 5184
48240 5208
48264 5232
48288 5256
48312 5280
48336 5304
48360 5328
48384 5352
48384 5328
48384 5304
48384 5280
48384 5256
48384 5232
48384 5208
48384 5184
48384 5160
48384 5136
48384 5112
48384 5088
48384 5064
48384 5040
48408 5064
48432 5088
48456 5112
48480 5136
48504 5160
48528 5184
48552 5208
48576 5232
48600 5256
48624 5280
48648 5304
48672 5328
48696 5352
48720 5376
48720 5352
48720 5328
48720 5304
48720 5280
48720 5256
48720 5232
48720 5208
48720 5184
48720 5160
48720 5136
48744 5160
48768 5184
48792 5208
48816 5232
48840 5256
48864 5280
48888 5304
48912 5328
48936 5352
48960 5376
48984 5400
48984 5376
48984 5352
48984 5328
48984 5304
48984 5280
48984 5256
48984 5232
48984 5208
48984 5184
49008 5208
49032 5232
49056 5256
49080 5280
49104 5304
49128 5328
49152 5352
49176 5376
49200 5400
49224 5424
49224 5400
49224 5376
49224 5352
49224 5328
49224 5304
49224 5280
49224 5256
49224 5232
49248 5256
49272 5280
49296 5304
49320 5328
49344 5352
49368 5376
49392 5400
49416 5424
49440 5448
49440 5424
49440 5400
49440 5376
49440 5352
49440 5328
49440 5304
49440 5280
49440 5256
49440 5232
49440 5208
49440 5184
49440 5160
49464 5184
49488 5208
49512 5232
49536 5256
49560 5280
49584 5304
49608 5328
49632 5352
49656 5376
49680 5400
49704 5424
49728 5448
49752 5472
49752 5448
49752 5424
49752 5400
49752 5376
49752 5352
49752 5328
49752 5304
49752 5280
49752 5256
49776 5280
49800 5304
49824 5328
49848 5352
49872 5376
49896 5400
49920 5424
49944 5448
49968 5472
49992 5496
49992 5472
49992 5448
49992 5424
49992 5400
49992 5376
49992 5352
49992 5328
49992 5304
50016 5328
50040 5352
50064 5376
50088 5400
50112 5424
50136 5448
50160 5472
50184 5496
50208 5520
50208 5496
50208 5472
50208 5448
50208 5424
50208 5400
50208 5376
50208 5352
50208 5328
50208 5304
50208 5280
50208 5256
50232 5280
50256 5304
50280 5328
50304 5352
50328 5376
50352 5400
50376 5424
50400 5448
50424 5472
50448 5496
50472 5520
50496 5544
50496 5520
50496 5496
50496 5472
50496 5448
50496 5424
50496 5400
50496 5376
50496 5352
50496 5328
50496 5304
50496 5280
50496 5256
50496 5232
50520 5256
50544 5280
50568 5304
50592 5328
50616 5352
50640 5376
50664 5400
50688 5424
50712 5448
50736 5472
50760 5496
50784 5520
50808 5544
50832 5568
50832 5544
50832 5520
50832 5496
50832 5472
50832 5448
50832 5424
50832 5400
50856 5424
50880 5448
50904 5472
50928 5496
50952 5520
50976 5544
51000 5568
51024 5592
51024 5568
51024 5544
51024 5520
51024 5496
51024 5472
51024 5448
51024 5424
51024 5400
51024 5376
51048 5400
51072 5424
51096 5448
51120 5472
51144 5496
51168 5520
51192 5544
51216 5568
51240 5592
51264 5616
51264 5592
51264 5568
51264 5544
51264 5520
51264 5496
51264 5472
51264 5448
51264 5424
51288 5448
51312 5472
51336 5496
51360 5520
51384 5544
51408 5568
51432 5592
51456 5616
51480 5640
51480 5616
51480 5592
51480 5568
51480 5544
51480 5520
51480 5496
51480 5472
51480 5448
51480 5424
51504 5448
51528 5472
51552 5496
51576 5520
51600 5544
51624 5568
51648 5592
51672 5616
51696 5640
51720 5664
51720 5640
51720 5616
51720 5592
51720 5568
51720 5544
51720 5520
51720 5496
51720 5472
51720 5448
51720 5424
51720 5400
51744 5424
51768 5448
51792 5472
51816 5496
51840 5520
51864 5544
51888 5568
51912 5592
51936 5616
51960 5640
51984 5664
52008 5688
52008 5664
52008 5640
52008 5616
52008 5592
52008 5568
52008 5544
52008 5520
52008 5496
52008 5472
52008 5448
52008 5424
52032 5448
52056 5472
52080 5496
52104 5520
52128 5544
52152 5568
52176 5592
52200 5616
52224 5640
52248 5664
52272 5688
52296 5712
52296 5688
52296 5664
52296 5640
52296 5616
52296 5592
52296 5568
52296 5544
52296 5520
52296 5496
52296 5472
52296 5448
52320 5472
52344 5496
52368 5520
52392 5544
52416 5568
52440 5592
52464 5616
52488 5640
52512 5664
52536 5688
52560 5712
52584 5736
52584 5712
52584 5688
52584 5664
52584 5640
52584 5616
52584 5592
52584 5568
52584 5544
52584 5520
52584 5496
52584 5472
52584 5448
52608 5472
52632 5496
52656 5520
52680 5544
52704 5568
52728 5592
52752 5616
52776 5640
52800 5664
52824 5688
52848 5712
52872 5736
52896 5760
52896 5736
52896 5712
52896 5688
52896 5664
52896 5640
52896 5616
52896 5592
52896 5568
52896 5544
52896 5520
52920 5544
52944 5568
52968 5592
52992 5616
53016 5640
53040 5664
53064 5688
53088 5712
53112 5736
53136 5760
53160 5784
53160 5760
53160 5736
53160 5712
53160 5688
53160 5664
53160 5640
53160 5616
53160 5592
53160 5568
53160 5544
53160 5520
53160 5496
53160 5472
53184 5496
53208 5520
53232 5544
53256 5568
53280 5592
53304 5616
53328 5640
53352 5664
53376 5688
53400 5712
53424 5736
53448 5760
53472 5784
53496 5808
53496 5784
53496 5760
53496 5736
53496 5712
53496 5688
53496 5664
53496 5640
53520 5664
53544 5688
53568 5712
53592 5736
53616 5760
53640 5784
53664 5808
53688 5832
53688 5808
53688 5784
53688 5760
53688 5736
53688 5712
53688 5688
53712 5712
53736 5736
53760 5760
53784 5784
53808 5808
53832 5832
53856 5856
53856 5832
53856 5808
53856 5784
53856 5760
53856 5736
53856 5712
53856 5688
53856 5664
53856 5640
53856 5616
53856 5592
53856 5568
53880 5592
53904 5616
53928 5640
53952 5664
53976 5688
54000 5712
54024 5736
54048 5760
54072 5784
54096 5808
54120 5832
54144 5856
54168 5880
54168 5856
54168 5832
54168 5808
54168 5784
54168 5760
54168 5736
54168 5712
54168 5688
54168 5664
54168 5640
54168 5616
54168 5592
54168 5568
54192 5592
54216 5616
54240 5640
54264 5664
54288 5688
54312 5712
54336 5736
54360 5760
54384 5784
54408 5808
54432 5832
54456 5856
54480 5880
54504 5904
54504 5880
54504 5856
54504 5832
54504 5808
54504 5784
54504 5760
54504 5736
54504 5712
54504 5688
54504 5664
54504 5640
54504 5616
54504 5592
54528 5616
54552 5640
54576 5664
54600 5688
54624 5712
54648 5736
54672 5760
54696 5784
54720 5808
54744 5832
54768 5856
54792 5880
54816 5904
54840 5928
54840 5904
54840 5880
54840 5856
54840 5832
54840 5808
54840 5784
54840 5760
54840 5736
54840 5712
54840 5688
54840 5664
54840 5640
54864 5664
54888 5688
54912 5712
54936 5736
54960 5760
54984 5784
55008 5808
55032 5832
55056 5856
55080 5880
55104 5904
55128 5928
55152 5952
55152 5928
55152 5904
55152 5880
55152 5856
55152 5832
55152 5808
55152 5784
55152 5760
55176 5784
55200 5808
55224 5832
55248 5856
55272 5880
55296 5904
55320 5928
55344 5952
55368 5976
55368 5952
55368 5928
55368 5904
55368 5880
55368 5856
55368 5832
55368 5808
55368 5784
55368 5760
55368 5736
55392 5760
55416 5784
55440 5808
55464 5832
55488 5856
55512 5880
55536 5904
55560 5928
55584 5952
55608 5976
55632 6000
55632 5976
55632 5952
55632 5928
55632 5904
55632 5880
55632 5856
55632 5832
55632 5808
55656 5832
55680 5856
55704 5880
55728 5904
55752 5928
55776 5952
55800 5976
55824 6000
55848 6024
55848 6000
55848 5976
55848 5952
55848 5928
55848 5904
55848 5880
55848 5856
55848 5832
55872 5856
55896 5880
55920 5904
55944 5928
55968 5952
55992 5976
56016 6000
56040 6024
56064 6048
56064 6024
56064 6000
56064 5976
56064 5952
56064 5928
56064 5904
56064 5880
56064 5856
56064 5832
56064 5808
56064 5784
56064 5760
56064 5736
56088 5760
56112 5784
56136 5808
56160 5832
56184 5856
56208 5880
56232 5904
56256 5928
56280 5952
56304 5976
56328 6000
56352 6024
56376 6048
56400 6072
56400 6048
56400 6024
56400 6000
56400 5976
56400 5952
56400 5928
56400 5904
56400 5880
56400 5856
56424 5880
56448 5904
56472 5928
56496 5952
56520 5976
56544 6000
56568 6024
56592 6048
56616 6072
56640 6096
56640 6072
56640 6048
56640 6024
56640 6000
56640 5976
56640 5952
56664 5976
56688 6000
56712 6024
56736 6048
56760 6072
56784 6096
56808 6120
56808 6096
56808 6072
56808 6048
56808 6024
56808 6000
56808 5976
56808 5952
56808 5928
56808 5904
56808 5880
56832 5904
56856 5928
56880 5952
56904 5976
56928 6000
56952 6024
56976 6048
57000 6072
57024 6096
57048 6120
57072 6144
57072 6120
57072 6096
57072 6072
57072 6048
57072 6024
57072 6000
57072 5976
57072 5952
57072 5928
57096 5952
57120 5976
57144 6000
57168 6024
57192 6048
57216 6072
57240 6096
57264 6120
57288 6144
57312 6168
57312 6144
57312 6120
57312 6096
57312 6072
57312 6048
57312 6024
57312 6000
57312 5976
57312 5952
57312 5928
57312 5904
57312 5880
57336 5904
57360 5928
57384 5952
57408 5976
57432 6000
57456 6024
57480 6048
57504 6072
57528 6096
57552 6120
57576 6144
57600 6168
57624 6192
57624 6168
57624 6144
57624 6120
57624 6096
57624 6072
57624 6048
57624 6024
57624 6000
57624 5976
57624 5952
57624 5928
57648 5952
57672 5976
57696 6000
57720 6024
57744 6048
57768 6072
57792 6096
57816 6120
57840 6144
57864 6168
57888 6192
57912 6216
57912 6192
57912 6168
57912 6144
57912 6120
57912 6096
57912 6072
57912 6048
57912 6024
57912 6000
57912 5976
57912 5952
57936 5976
57960 6000
57984 6024
58008 6048
58032 6072
58056 6096
58080 6120
58104 6144
58128 6168
58152 6192
58176 6216
58200 6240
58200 6216
58200 6192
58200 6168
58200 6144
58200 6120
58200 6096
58200 6072
58200 6048
58200 6024
58200 6000
58200 5976
58200 5952
58200 5928
58200 5904
58224 5928
58248 5952
58272 5976
58296 6000
58320 6024
58344 6048
58368 6072
58392 6096
58416 6120
58440 6144
58464 6168
58488 6192
58512 6216
58536 6240
58560 6264
58560 6240
58560 6216
58560 6192
58560 6168
58560 6144
58560 6120
58560 6096
58560 6072
58584 6096
58608 6120
58632 6144
58656 6168
58680 6192
58704 6216
58728 6240
58752 6264
58776 6288
58776 6264
58776 6240
58776 6216
58776 6192
58776 6168
58776 6144
58776 6120
58776 6096
58776 6072
58800 6096
58824 6120
58848 6144
58872 6168
58896 6192
58920 6216
58944 6240
58968 6264
58992 6288
59016 6312
59016 6288
59016 6264
59016 6240
59016 6216
59016 6192
59016 6168
59016 6144
59040 6168
59064 6192
59088 6216
59112 6240
59136 6264
59160 6288
59184 6312
59208 6336
59208 6312
59208 6288
59208 6264
59208 6240
59208 6216
59208 6192
59208 6168
59208 6144
59208 6120
59232 6144
59256 6168
59280 6192
59304 6216
59328 6240
59352 6264
59376 6288
59400 6312
59424 6336
59448 6360
59448 6336
59448 6312
59448 6288
59448 6264
59448 6240
59448 6216
59448 6192
59448 6168
59448 6144
59472 6168
59496 6192
59520 6216
59544 6240
59568 6264
59592 6288
59616 6312
59640 6336
59664 6360
59688 6384
59688 6360
59688 6336
59688 6312
59688 6288
59688 6264
59688 6240
59688 6216
59688 6192
59688 6168
59688 6144
59688 6120
59688 6096
59688 6072
59688 6048
59712 6072
59736 6096
59760 6120
59784 6144
59808 6168
59832 6192
59856 6216
59880 6240
59904 6264
59928 6288
59952 6312
59976 6336
60000 6360
60024 6384
60048 6408
60048 6384
60048 6360
60048 6336
60048 6312
60048 6288
60048 6264
60048 6240
60048 6216
60048 6192
60072 6216
60096 6240
60120 6264
60144 6288
60168 6312
60192 6336
60216 6360
60240 6384
60264 6408
60288 6432
60288 6408
60288 6384
60288 6360
60288 6336
60288 6312
60288 6288
60288 6264
60288 6240
60288 6216
60288 6192
60288 6168
60312 6192
60336 6216
60360 6240
60384 6264
60408 6288
60432 6312
60456 6336
60480 6360
60504 6384
60528 6408
60552 6432
60576 6456
60576 6432
60576 6408
60576 6384
60576 6360
60576 6336
60576 6312
60576 6288
60576 6264
60576 6240
60576 6216
60576 6192
60576 6168
60576 6144
60600 6168
60624 6192
60648 6216
60672 6240
60696 6264
60720 6288
60744 6312
60768 6336
60792 6360
60816 6384
60840 6408
60864 6432
60888 6456
60912 6480
60912 6456
60912 6432
60912 6408
60912 6384
60912 6360
60912 6336
60912 6312
60912 6288
60912 6264
60912 6240
60912 6216
60936 6240
60960 6264
60984 6288
61008 6312
61032 6336
61056 6360
61080 6384
61104 6408
61128 6432
61152 6456
61176 6480
61200 6504
61200 6480
61200 6456
61200 6432
61200 6408
61200 6384
61200 6360
61200 6336
61200 6312
61200 6288
61200 6264
61200 6240
61200 6216
61224 6240
61248 6264
61272 6288
61296 6312
61320 6336
61344 6360
61368 6384
61392 6408
61416 6432
61440 6456
61464 6480
61488 6504
61512 6528
61512 6504
61512 6480
61512 6456
61512 6432
61512 6408
61512 6384
61512 6360
61512 6336
61512 6312
61512 6288
61512 6264
61512 6240
61536 6264
61560 6288
61584 6312
61608 6336
61632 6360
61656 6384
61680 6408
61704 6432
61728 6456
61752 6480
61776 6504
61800 6528
61824 6552
61824 6528
61824 6504
61824 6480
61824 6456
61824 6432
61824 6408
61824 6384
61824 6360
61824 6336
61824 6312
61824 6288
61824 6264
61848 6288
61872 6312
61896 6336
61920 6360
61944 6384
61968 6408
61992 6432
62016 6456
62040 6480
62064 6504
62088 6528
62112 6552
62136 6576
62136 6552
62136 6528
62136 6504
62136 6480
62136 6456
62136 6432
62136 6408
62136 6384
62136 6360
62136 6336
62136 6312
62136 6288
62136 6264
62136 6240
62160 6264
62184 6288
62208 6312
62232 6336
62256 6360
62280 6384
62304 6408
62328 6432
62352 6456
62376 6480
62400 6504
62424 6528
62448 6552
62472 6576
62496 6600
62496 6576
62496 6552
62496 6528
62496 6504
62496 6480
62496 6456
62496 6432
62496 6408
62520 6432
62544 6456
62568 6480
62592 6504
62616 6528
62640 6552
62664 6576
62688 6600
62712 6624
62712 6600
62712 6576
62712 6552
62712 6528
62712 6504
62712 6480
62712 6456
62712 6432
62712 6408
62712 6384
62736 6408
62760 6432
62784 6456
62808 6480
62832 6504
62856 6528
62880 6552
62904 6576
62928 6600
62952 6624
62976 6648
62976 6624
62976 6600
62976 6576
62976 6552
62976 6528
62976 6504
62976 6480
62976 6456
62976 6432
62976 6408
62976 6384
62976 6360
63000 6384
63024 6408
63048 6432
63072 6456
63096 6480
63120 6504
63144 6528
63168 6552
63192 6576
63216 6600
63240 6624
63264 6648
63288 6672
63288 6648
63288 6624
63288 6600
63288 6576
