48 1.0
72 2.0
96 0.333333333333
120 0.666666666667
144 1.0
168 0.166666666667
192 0.333333333333
216 0.5
240 0.666666666667
264 0.571428571429
288 0.714285714286
312 0.3
336 0.4
360 0.5
384 0.6
408 0.416666666667
432 0.5
456 0.583333333333
480 0.333333333333
504 0.4
528 0.466666666667
552 0.533333333333
576 0.333333333333
600 0.388888888889
624 0.444444444444
648 0.5
672 0.272727272727
696 0.318181818182
720 0.363636363636
744 0.409090909091
768 0.454545454545
792 0.269230769231
816 0.307692307692
840 0.346153846154
864 0.384615384615
888 0.423076923077
912 0.225806451613
936 0.258064516129
960 0.290322580645
984 0.322580645161
1008 0.354838709677
1032 0.387096774194
1056 0.189189189189
1080 0.216216216216
1104 0.243243243243
1128 0.27027027027
1152 0.297297297297
1176 0.324324324324
1200 0.351351351351
1224 0.243902439024
1248 0.268292682927
1272 0.292682926829
1296 0.317073170732
1320 0.341463414634
1344 0.217391304348
1368 0.239130434783
1392 0.260869565217
1416 0.282608695652
1440 0.304347826087
1464 0.326086956522
1488 0.192307692308
1512 0.211538461538
1536 0.230769230769
1560 0.25
1584 0.269230769231
1608 0.288461538462
1632 0.307692307692
1656 0.210526315789
1680 0.228070175439
1704 0.245614035088
1728 0.263157894737
1752 0.280701754386
1776 0.298245614035
1800 0.190476190476
1824 0.206349206349
1848 0.222222222222
1872 0.238095238095
1896 0.253968253968
1920 0.269841269841
1944 0.285714285714
1968 0.223880597015
1992 0.238805970149
2016 0.253731343284
2040 0.268656716418
2064 0.283582089552
2088 0.191780821918
2112 0.205479452055
2136 0.219178082192
2160 0.232876712329
2184 0.246575342466
2208 0.260273972603
2232 0.27397260274
2256 0.220779220779
2280 0.233766233766
2304 0.246753246753
2328 0.25974025974
2352 0.272727272727
2376 0.178571428571
2400 0.190476190476
2424 0.202380952381
2448 0.214285714286
2472 0.22619047619
2496 0.238095238095
2520 0.25
2544 0.261904761905
2568 0.175824175824
2592 0.186813186813
2616 0.197802197802
2640 0.208791208791
2664 0.21978021978
2688 0.230769230769
2712 0.241758241758
2736 0.252747252747
2760 0.173469387755
2784 0.183673469388
2808 0.19387755102
2832 0.204081632653
2856 0.214285714286
2880 0.224489795918
2904 0.234693877551
2928 0.244897959184
2952 0.171428571429
2976 0.180952380952
3000 0.190476190476
3024 0.2
3048 0.209523809524
3072 0.219047619048
3096 0.228571428571
3120 0.238095238095
3144 0.224299065421
3168 0.233644859813
3192 0.242990654206
3216 0.218181818182
3240 0.227272727273
3264 0.236363636364
3288 0.245454545455
3312 0.2
3336 0.208695652174
3360 0.217391304348
3384 0.226086956522
3408 0.234782608696
3432 0.24347826087
3456 0.180327868852
3480 0.188524590164
3504 0.196721311475
3528 0.204918032787
3552 0.213114754098
3576 0.22131147541
3600 0.229508196721
3624 0.237704918033
3648 0.169230769231
3672 0.176923076923
3696 0.184615384615
3720 0.192307692308
3744 0.2
3768 0.207692307692
3792 0.215384615385
3816 0.223076923077
3840 0.230769230769
3864 0.158273381295
3888 0.165467625899
3912 0.172661870504
3936 0.179856115108
3960 0.187050359712
3984 0.194244604317
4008 0.201438848921
4032 0.208633093525
4056 0.215827338129
4080 0.223021582734
4104 0.195804195804
4128 0.202797202797
4152 0.20979020979
4176 0.216783216783
4200 0.223776223776
4224 0.181208053691
4248 0.187919463087
4272 0.194630872483
4296 0.201342281879
4320 0.208053691275
4344 0.214765100671
4368 0.221476510067
4392 0.188311688312
4416 0.194805194805
4440 0.201298701299
4464 0.207792207792
4488 0.214285714286
4512 0.220779220779
4536 0.166666666667
4560 0.172839506173
4584 0.179012345679
4608 0.185185185185
4632 0.191358024691
4656 0.197530864198
4680 0.203703703704
4704 0.20987654321
4728 0.216049382716
4752 0.171597633136
4776 0.177514792899
4800 0.183431952663
4824 0.189349112426
4848 0.195266272189
4872 0.201183431953
4896 0.207100591716
4920 0.213017751479
4944 0.16384180791
4968 0.169491525424
4992 0.175141242938
5016 0.180790960452
5040 0.186440677966
5064 0.19209039548
5088 0.197740112994
5112 0.203389830508
5136 0.209039548023
5160 0.162162162162
5184 0.167567567568
5208 0.172972972973
5232 0.178378378378
5256 0.183783783784
5280 0.189189189189
5304 0.194594594595
5328 0.2
5352 0.205405405405
5376 0.191489361702
5400 0.196808510638
5424 0.202127659574
5448 0.207446808511
5472 0.181347150259
5496 0.186528497409
5520 0.19170984456
5544 0.19689119171
5568 0.20207253886
5592 0.20725388601
5616 0.17
5640 0.175
5664 0.18
5688 0.185
5712 0.19
5736 0.195
5760 0.2
5784 0.205
5808 0.174757281553
5832 0.179611650485
5856 0.184466019417
5880 0.18932038835
5904 0.194174757282
5928 0.199029126214
5952 0.203883495146
5976 0.163551401869
6000 0.168224299065
6024 0.172897196262
6048 0.177570093458
6072 0.182242990654
6096 0.18691588785
6120 0.191588785047
6144 0.196261682243
6168 0.200934579439
6192 0.156950672646
6216 0.161434977578
6240 0.165919282511
6264 0.170403587444
6288 0.174887892377
6312 0.179372197309
6336 0.183856502242
6360 0.188340807175
6384 0.192825112108
6408 0.19730941704
6432 0.165217391304
6456 0.169565217391
6480 0.173913043478
6504 0.178260869565
6528 0.182608695652
6552 0.186956521739
6576 0.191304347826
6600 0.195652173913
6624 0.15
6648 0.154166666667
6672 0.158333333333
6696 0.1625
6720 0.166666666667
6744 0.170833333333
6768 0.175
6792 0.179166666667
6816 0.183333333333
6840 0.1875
6864 0.191666666667
6888 0.148
6912 0.152
6936 0.156
6960 0.16
6984 0.164
7008 0.168
7032 0.172
7056 0.176
7080 0.18
7104 0.184
7128 0.188
7152 0.1640625
7176 0.16796875
7200 0.171875
7224 0.17578125
7248 0.1796875
7272 0.18359375
7296 0.1875
7320 0.142322097378
7344 0.14606741573
7368 0.149812734082
7392 0.153558052434
7416 0.157303370787
7440 0.161048689139
7464 0.164794007491
7488 0.168539325843
7512 0.172284644195
7536 0.176029962547
7560 0.179775280899
7584 0.183520599251
7608 0.165441176471
7632 0.169117647059
7656 0.172794117647
7680 0.176470588235
7704 0.180147058824
7728 0.183823529412
7752 0.161870503597
7776 0.165467625899
7800 0.169064748201
7824 0.172661870504
7848 0.176258992806
7872 0.179856115108
7896 0.18345323741
7920 0.149825783972
7944 0.15331010453
7968 0.156794425087
7992 0.160278745645
8016 0.163763066202
8040 0.16724738676
8064 0.170731707317
8088 0.174216027875
8112 0.177700348432
8136 0.18118466899
8160 0.152542372881
8184 0.15593220339
8208 0.159322033898
8232 0.162711864407
8256 0.166101694915
8280 0.169491525424
8304 0.172881355932
8328 0.176271186441
8352 0.179661016949
8376 0.163333333333
8400 0.166666666667
8424 0.17
8448 0.173333333333
8472 0.176666666667
8496 0.18
8520 0.160130718954
8544 0.16339869281
8568 0.166666666667
8592 0.169934640523
8616 0.173202614379
8640 0.176470588235
8664 0.179738562092
8688 0.156549520767
8712 0.159744408946
8736 0.162939297125
8760 0.166134185304
8784 0.169329073482
8808 0.172523961661
8832 0.17571884984
8856 0.178913738019
8880 0.152647975078
8904 0.155763239875
8928 0.158878504673
8952 0.16199376947
8976 0.165109034268
9000 0.168224299065
9024 0.171339563863
9048 0.17445482866
9072 0.177570093458
9096 0.155487804878
9120 0.158536585366
9144 0.161585365854
9168 0.164634146341
9192 0.167682926829
9216 0.170731707317
9240 0.173780487805
9264 0.176829268293
9288 0.158682634731
9312 0.161676646707
9336 0.164670658683
9360 0.167664670659
9384 0.170658682635
9408 0.173652694611
9432 0.176646706587
9456 0.155425219941
9480 0.158357771261
9504 0.161290322581
9528 0.1642228739
9552 0.16715542522
9576 0.17008797654
9600 0.173020527859
9624 0.175953079179
9648 0.148571428571
9672 0.151428571429
9696 0.154285714286
9720 0.157142857143
9744 0.16
9768 0.162857142857
9792 0.165714285714
9816 0.168571428571
9840 0.171428571429
9864 0.174285714286
9888 0.138121546961
9912 0.140883977901
9936 0.14364640884
9960 0.146408839779
9984 0.149171270718
10008 0.151933701657
10032 0.154696132597
10056 0.157458563536
10080 0.160220994475
10104 0.162983425414
10128 0.165745856354
10152 0.168508287293
10176 0.171270718232
10200 0.148648648649
10224 0.151351351351
10248 0.154054054054
10272 0.156756756757
10296 0.159459459459
10320 0.162162162162
10344 0.164864864865
10368 0.167567567568
10392 0.17027027027
10416 0.142105263158
10440 0.144736842105
10464 0.147368421053
10488 0.15
10512 0.152631578947
10536 0.155263157895
10560 0.157894736842
10584 0.160526315789
10608 0.163157894737
10632 0.165789473684
10656 0.168421052632
10680 0.152849740933
10704 0.155440414508
10728 0.158031088083
10752 0.160621761658
10776 0.163212435233
10800 0.165803108808
10824 0.168393782383
10848 0.144303797468
10872 0.146835443038
10896 0.149367088608
10920 0.151898734177
10944 0.154430379747
10968 0.156962025316
10992 0.159493670886
11016 0.162025316456
11040 0.164556962025
11064 0.167088607595
11088 0.152119700748
11112 0.154613466334
11136 0.15710723192
11160 0.159600997506
11184 0.162094763092
11208 0.164588528678
11232 0.167082294264
11256 0.158024691358
11280 0.16049382716
11304 0.162962962963
11328 0.165432098765
11352 0.167901234568
11376 0.150485436893
11400 0.152912621359
11424 0.155339805825
11448 0.157766990291
11472 0.160194174757
11496 0.162621359223
11520 0.165048543689
11544 0.167475728155
11568 0.15587529976
11592 0.158273381295
11616 0.16067146283
11640 0.163069544365
11664 0.165467625899
11688 0.167865707434
11712 0.145539906103
11736 0.147887323944
11760 0.150234741784
11784 0.152582159624
11808 0.154929577465
11832 0.157276995305
11856 0.159624413146
11880 0.161971830986
11904 0.164319248826
11928 0.166666666667
11952 0.152777777778
11976 0.155092592593
12000 0.157407407407
12024 0.159722222222
12048 0.162037037037
12072 0.164351851852
12096 0.166666666667
12120 0.150341685649
12144 0.152619589977
12168 0.154897494305
12192 0.157175398633
12216 0.159453302961
12240 0.161731207289
12264 0.164009111617
12288 0.166287015945
12312 0.150224215247
12336 0.152466367713
12360 0.154708520179
12384 0.156950672646
12408 0.159192825112
12432 0.161434977578
12456 0.163677130045
12480 0.165919282511
12504 0.147577092511
12528 0.149779735683
12552 0.151982378855
12576 0.154185022026
12600 0.156387665198
12624 0.15859030837
12648 0.160792951542
12672 0.162995594714
12696 0.165198237885
12720 0.144708423326
12744 0.14686825054
12768 0.149028077754
12792 0.151187904968
12816 0.153347732181
12840 0.155507559395
12864 0.157667386609
12888 0.159827213823
12912 0.161987041037
12936 0.164146868251
12960 0.153846153846
12984 0.155982905983
13008 0.15811965812
13032 0.160256410256
13056 0.162393162393
13080 0.16452991453
13104 0.147058823529
13128 0.149159663866
13152 0.151260504202
13176 0.153361344538
13200 0.155462184874
13224 0.15756302521
13248 0.159663865546
13272 0.161764705882
13296 0.163865546218
13320 0.139630390144
13344 0.141683778234
13368 0.143737166324
13392 0.145790554415
13416 0.147843942505
13440 0.149897330595
13464 0.151950718686
13488 0.154004106776
13512 0.156057494867
13536 0.158110882957
13560 0.160164271047
13584 0.162217659138
13608 0.145454545455
13632 0.147474747475
13656 0.149494949495
13680 0.151515151515
13704 0.153535353535
13728 0.155555555556
13752 0.157575757576
13776 0.159595959596
13800 0.161616161616
13824 0.140594059406
13848 0.142574257426
13872 0.144554455446
13896 0.146534653465
13920 0.148514851485
13944 0.150495049505
13968 0.152475247525
13992 0.154455445545
14016 0.156435643564
14040 0.158415841584
14064 0.160396039604
14088 0.146484375
14112 0.1484375
14136 0.150390625
14160 0.15234375
14184 0.154296875
14208 0.15625
14232 0.158203125
14256 0.16015625
14280 0.153100775194
14304 0.15503875969
14328 0.156976744186
14352 0.158914728682
14376 0.160852713178
14400 0.145038167939
14424 0.146946564885
14448 0.148854961832
14472 0.150763358779
14496 0.152671755725
14520 0.154580152672
14544 0.156488549618
14568 0.158396946565
14592 0.160305343511
14616 0.136194029851
14640 0.138059701493
14664 0.139925373134
14688 0.141791044776
14712 0.143656716418
14736 0.14552238806
14760 0.147388059701
14784 0.149253731343
14808 0.151119402985
14832 0.152985074627
14856 0.154850746269
14880 0.15671641791
14904 0.158582089552
14928 0.14128440367
14952 0.143119266055
14976 0.14495412844
15000 0.146788990826
15024 0.148623853211
15048 0.150458715596
15072 0.152293577982
15096 0.154128440367
15120 0.155963302752
15144 0.157798165138
15168 0.142857142857
15192 0.144665461121
15216 0.146473779385
15240 0.148282097649
15264 0.150090415913
15288 0.151898734177
15312 0.153707052441
15336 0.155515370705
15360 0.157323688969
15384 0.140569395018
15408 0.142348754448
15432 0.144128113879
15456 0.14590747331
15480 0.14768683274
15504 0.149466192171
15528 0.151245551601
15552 0.153024911032
15576 0.154804270463
15600 0.156583629893
15624 0.144112478032
15648 0.145869947276
15672 0.14762741652
15696 0.149384885764
15720 0.151142355009
15744 0.152899824253
15768 0.154657293497
15792 0.156414762742
15816 0.140138408304
15840 0.141868512111
15864 0.143598615917
15888 0.145328719723
15912 0.147058823529
15936 0.148788927336
15960 0.150519031142
15984 0.152249134948
16008 0.153979238754
16032 0.155709342561
16056 0.139693356048
16080 0.14139693356
16104 0.143100511073
16128 0.144804088586
16152 0.146507666099
16176 0.148211243612
16200 0.149914821124
16224 0.151618398637
16248 0.15332197615
16272 0.155025553663
16296 0.148900169205
16320 0.150592216582
16344 0.152284263959
16368 0.153976311337
16392 0.155668358714
16416 0.147651006711
16440 0.14932885906
16464 0.151006711409
16488 0.152684563758
16512 0.154362416107
16536 0.156040268456
16560 0.146179401993
16584 0.147840531561
16608 0.14950166113
16632 0.151162790698
16656 0.152823920266
16680 0.154485049834
16704 0.156146179402
16728 0.146381578947
16752 0.148026315789
16776 0.149671052632
16800 0.151315789474
16824 0.152960526316
16848 0.154605263158
16872 0.15625
16896 0.142857142857
16920 0.144480519481
16944 0.146103896104
16968 0.147727272727
16992 0.149350649351
17016 0.150974025974
17040 0.152597402597
17064 0.154220779221
17088 0.155844155844
17112 0.146302250804
17136 0.147909967846
17160 0.149517684887
17184 0.151125401929
17208 0.152733118971
17232 0.154340836013
17256 0.155948553055
17280 0.141045958796
17304 0.142630744849
17328 0.144215530903
17352 0.145800316957
17376 0.147385103011
17400 0.148969889065
17424 0.150554675119
17448 0.152139461173
17472 0.153724247227
17496 0.155309033281
17520 0.147798742138
17544 0.149371069182
17568 0.150943396226
17592 0.15251572327
17616 0.154088050314
17640 0.155660377358
17664 0.146417445483
17688 0.147975077882
17712 0.14953271028
17736 0.151090342679
17760 0.152647975078
17784 0.154205607477
17808 0.155763239875
17832 0.143076923077
17856 0.144615384615
17880 0.146153846154
17904 0.147692307692
17928 0.149230769231
17952 0.150769230769
17976 0.152307692308
18000 0.153846153846
18024 0.155384615385
18048 0.139393939394
18072 0.140909090909
18096 0.142424242424
18120 0.143939393939
18144 0.145454545455
18168 0.14696969697
18192 0.148484848485
18216 0.15
18240 0.151515151515
18264 0.15303030303
18288 0.154545454545
18312 0.142215568862
18336 0.14371257485
18360 0.145209580838
18384 0.146706586826
18408 0.148203592814
18432 0.149700598802
18456 0.15119760479
18480 0.152694610778
18504 0.154191616766
18528 0.138643067847
18552 0.1401179941
18576 0.141592920354
18600 0.143067846608
18624 0.144542772861
18648 0.146017699115
18672 0.147492625369
18696 0.148967551622
18720 0.150442477876
18744 0.15191740413
18768 0.153392330383
18792 0.136429608128
18816 0.137880986938
18840 0.139332365747
18864 0.140783744557
18888 0.142235123367
18912 0.143686502177
18936 0.145137880987
18960 0.146589259797
18984 0.148040638607
19008 0.149492017417
19032 0.150943396226
19056 0.152394775036
19080 0.137339055794
19104 0.138769670959
19128 0.140200286123
19152 0.141630901288
19176 0.143061516452
19200 0.144492131617
19224 0.145922746781
19248 0.147353361946
19272 0.14878397711
19296 0.150214592275
19320 0.151645207439
19344 0.146514935989
19368 0.147937411095
19392 0.149359886202
19416 0.150782361309
19440 0.152204836415
19464 0.132681564246
19488 0.134078212291
19512 0.135474860335
19536 0.13687150838
19560 0.138268156425
19584 0.139664804469
19608 0.141061452514
19632 0.142458100559
19656 0.143854748603
19680 0.145251396648
19704 0.146648044693
19728 0.148044692737
19752 0.149441340782
19776 0.150837988827
19800 0.137931034483
19824 0.139310344828
19848 0.140689655172
19872 0.142068965517
19896 0.143448275862
19920 0.144827586207
19944 0.146206896552
19968 0.147586206897
19992 0.148965517241
20016 0.150344827586
20040 0.137602179837
20064 0.138964577657
20088 0.140326975477
20112 0.141689373297
20136 0.143051771117
20160 0.144414168937
20184 0.145776566757
20208 0.147138964578
20232 0.148501362398
20256 0.149863760218
20280 0.135752688172
20304 0.137096774194
20328 0.138440860215
20352 0.139784946237
20376 0.141129032258
20400 0.14247311828
20424 0.143817204301
20448 0.145161290323
20472 0.146505376344
20496 0.147849462366
20520 0.149193548387
20544 0.136786188579
20568 0.138114209827
20592 0.139442231076
20616 0.140770252324
20640 0.142098273572
20664 0.143426294821
20688 0.144754316069
20712 0.146082337317
20736 0.147410358566
20760 0.148738379814
20784 0.142480211082
20808 0.143799472296
20832 0.145118733509
20856 0.146437994723
20880 0.147757255937
20904 0.14907651715
20928 0.135416666667
20952 0.13671875
20976 0.138020833333
21000 0.139322916667
21024 0.140625
21048 0.141927083333
21072 0.143229166667
21096 0.14453125
21120 0.145833333333
21144 0.147135416667
21168 0.1484375
21192 0.142302716688
21216 0.143596377749
21240 0.14489003881
21264 0.146183699871
21288 0.147477360931
21312 0.148771021992
21336 0.133928571429
21360 0.135204081633
21384 0.136479591837
21408 0.137755102041
21432 0.139030612245
21456 0.140306122449
21480 0.141581632653
21504 0.142857142857
21528 0.144132653061
21552 0.145408163265
21576 0.146683673469
21600 0.147959183673
21624 0.131909547739
21648 0.133165829146
21672 0.134422110553
21696 0.13567839196
21720 0.136934673367
21744 0.138190954774
21768 0.139447236181
21792 0.140703517588
21816 0.141959798995
21840 0.143216080402
21864 0.144472361809
21888 0.145728643216
21912 0.146984924623
21936 0.138231631382
21960 0.139476961395
21984 0.140722291407
22008 0.14196762142
22032 0.143212951432
22056 0.144458281445
22080 0.145703611457
22104 0.146948941469
22128 0.138271604938
22152 0.13950617284
22176 0.140740740741
22200 0.141975308642
22224 0.143209876543
22248 0.144444444444
22272 0.145679012346
22296 0.146913580247
22320 0.135531135531
22344 0.136752136752
22368 0.137973137973
22392 0.139194139194
22416 0.140415140415
22440 0.141636141636
22464 0.142857142857
22488 0.144078144078
22512 0.145299145299
22536 0.14652014652
22560 0.135265700483
22584 0.136473429952
22608 0.13768115942
22632 0.138888888889
22656 0.140096618357
22680 0.141304347826
22704 0.142512077295
22728 0.143719806763
22752 0.144927536232
22776 0.1461352657
22800 0.137724550898
22824 0.138922155689
22848 0.140119760479
22872 0.141317365269
22896 0.14251497006
22920 0.14371257485
22944 0.144910179641
22968 0.146107784431
22992 0.133727810651
23016 0.134911242604
23040 0.136094674556
23064 0.137278106509
23088 0.138461538462
23112 0.139644970414
23136 0.140828402367
23160 0.14201183432
23184 0.143195266272
23208 0.144378698225
23232 0.145562130178
23256 0.13866039953
23280 0.139835487662
23304 0.141010575793
23328 0.142185663925
23352 0.143360752056
23376 0.144535840188
23400 0.14571092832
23424 0.138856476079
23448 0.140023337223
23472 0.141190198366
23496 0.14235705951
23520 0.143523920653
23544 0.144690781797
23568 0.14585764294
23592 0.136416184971
23616 0.137572254335
23640 0.138728323699
23664 0.139884393064
23688 0.141040462428
23712 0.142196531792
23736 0.143352601156
23760 0.14450867052
23784 0.145664739884
23808 0.132420091324
23832 0.133561643836
23856 0.134703196347
23880 0.135844748858
23904 0.13698630137
23928 0.138127853881
23952 0.139269406393
23976 0.140410958904
24000 0.141552511416
24024 0.142694063927
24048 0.143835616438
24072 0.14497716895
24096 0.137032842582
24120 0.138165345413
24144 0.139297848245
24168 0.140430351076
24192 0.141562853907
24216 0.142695356738
24240 0.14382785957
24264 0.144960362401
24288 0.137078651685
24312 0.138202247191
24336 0.139325842697
24360 0.140449438202
24384 0.141573033708
24408 0.142696629213
24432 0.143820224719
24456 0.144943820225
24480 0.134593993326
24504 0.135706340378
24528 0.13681868743
24552 0.137931034483
24576 0.139043381535
24600 0.140155728587
24624 0.14126807564
24648 0.142380422692
24672 0.143492769744
24696 0.144605116796
24720 0.136865342163
24744 0.137969094923
24768 0.139072847682
24792 0.140176600442
24816 0.141280353201
24840 0.14238410596
24864 0.14348785872
24888 0.144591611479
24912 0.133187772926
24936 0.134279475983
24960 0.135371179039
24984 0.136462882096
25008 0.137554585153
25032 0.13864628821
25056 0.139737991266
25080 0.140829694323
25104 0.14192139738
25128 0.143013100437
25152 0.144104803493
25176 0.137744034707
25200 0.138828633406
25224 0.139913232104
25248 0.140997830803
25272 0.142082429501
25296 0.1431670282
25320 0.144251626898
25344 0.131832797428
25368 0.132904608789
25392 0.13397642015
25416 0.135048231511
25440 0.136120042872
25464 0.137191854234
25488 0.138263665595
25512 0.139335476956
25536 0.140407288317
25560 0.141479099678
25584 0.14255091104
25608 0.143622722401
25632 0.142245989305
25656 0.143315508021
25680 0.144385026738
25704 0.130939809926
25728 0.131995776135
25752 0.133051742344
25776 0.134107708553
25800 0.135163674762
25824 0.136219640971
25848 0.137275607181
25872 0.13833157339
25896 0.139387539599
25920 0.140443505808
25944 0.141499472017
25968 0.142555438226
25992 0.143611404435
26016 0.136268343816
26040 0.137316561845
26064 0.138364779874
26088 0.139412997904
26112 0.140461215933
26136 0.141509433962
26160 0.142557651992
26184 0.143605870021
26208 0.129265770424
26232 0.130299896587
26256 0.131334022751
26280 0.132368148914
26304 0.133402275078
26328 0.134436401241
26352 0.135470527404
26376 0.136504653568
26400 0.137538779731
26424 0.138572905895
26448 0.139607032058
26472 0.140641158221
26496 0.141675284385
26520 0.142709410548
26544 0.128571428571
26568 0.129591836735
26592 0.130612244898
26616 0.131632653061
26640 0.132653061224
26664 0.133673469388
26688 0.134693877551
26712 0.135714285714
26736 0.136734693878
26760 0.137755102041
26784 0.138775510204
26808 0.139795918367
26832 0.140816326531
26856 0.141836734694
26880 0.133603238866
26904 0.134615384615
26928 0.135627530364
26952 0.136639676113
26976 0.137651821862
27000 0.138663967611
27024 0.13967611336
27048 0.140688259109
27072 0.141700404858
27096 0.134673366834
27120 0.13567839196
27144 0.136683417085
27168 0.137688442211
27192 0.138693467337
27216 0.139698492462
27240 0.140703517588
27264 0.141708542714
27288 0.131343283582
27312 0.132338308458
27336 0.133333333333
27360 0.134328358209
27384 0.135323383085
27408 0.13631840796
27432 0.137313432836
27456 0.138308457711
27480 0.139303482587
27504 0.140298507463
27528 0.141293532338
27552 0.132149901381
27576 0.133136094675
27600 0.134122287968
27624 0.135108481262
27648 0.136094674556
27672 0.13708086785
27696 0.138067061144
27720 0.139053254438
27744 0.140039447732
27768 0.141025641026
27792 0.134182174339
27816 0.135161606268
27840 0.136141038198
27864 0.137120470127
27888 0.138099902057
27912 0.139079333986
27936 0.140058765916
27960 0.141038197845
27984 0.132038834951
28008 0.133009708738
28032 0.133980582524
28056 0.134951456311
28080 0.135922330097
28104 0.136893203883
28128 0.13786407767
28152 0.138834951456
28176 0.139805825243
28200 0.140776699029
28224 0.130769230769
28248 0.131730769231
28272 0.132692307692
28296 0.133653846154
28320 0.134615384615
28344 0.135576923077
28368 0.136538461538
28392 0.1375
28416 0.138461538462
28440 0.139423076923
28464 0.140384615385
28488 0.134799235182
28512 0.135755258126
28536 0.136711281071
28560 0.137667304015
28584 0.13862332696
28608 0.139579349904
28632 0.140535372849
28656 0.132827324478
28680 0.133776091082
28704 0.134724857685
28728 0.135673624288
28752 0.136622390892
28776 0.137571157495
28800 0.138519924099
28824 0.139468690702
28848 0.140417457306
28872 0.130639097744
28896 0.131578947368
28920 0.132518796992
28944 0.133458646617
28968 0.134398496241
28992 0.135338345865
29016 0.136278195489
29040 0.137218045113
29064 0.138157894737
29088 0.139097744361
29112 0.140037593985
29136 0.128252788104
29160 0.129182156134
29184 0.130111524164
29208 0.131040892193
29232 0.131970260223
29256 0.132899628253
29280 0.133828996283
29304 0.134758364312
29328 0.135687732342
29352 0.136617100372
29376 0.137546468401
29400 0.138475836431
29424 0.139405204461
29448 0.130875576037
29472 0.131797235023
29496 0.132718894009
29520 0.133640552995
29544 0.134562211982
29568 0.135483870968
29592 0.136405529954
29616 0.13732718894
29640 0.138248847926
29664 0.139170506912
29688 0.129680365297
29712 0.130593607306
29736 0.131506849315
29760 0.132420091324
29784 0.133333333333
29808 0.134246575342
29832 0.135159817352
29856 0.136073059361
29880 0.13698630137
29904 0.137899543379
29928 0.138812785388
29952 0.129411764706
29976 0.130316742081
30000 0.131221719457
30024 0.132126696833
30048 0.133031674208
30072 0.133936651584
30096 0.134841628959
30120 0.135746606335
30144 0.13665158371
30168 0.137556561086
30192 0.138461538462
30216 0.129147982063
30240 0.130044843049
30264 0.130941704036
30288 0.131838565022
30312 0.132735426009
30336 0.133632286996
30360 0.134529147982
30384 0.135426008969
30408 0.136322869955
30432 0.137219730942
30456 0.138116591928
30480 0.124889282551
30504 0.125775022143
30528 0.126660761736
30552 0.127546501329
30576 0.128432240921
30600 0.129317980514
30624 0.130203720106
30648 0.131089459699
30672 0.131975199291
30696 0.132860938884
30720 0.133746678477
30744 0.134632418069
30768 0.135518157662
30792 0.136403897254
30816 0.137289636847
30840 0.13016710642
30864 0.131046613896
30888 0.131926121372
30912 0.132805628848
30936 0.133685136324
30960 0.134564643799
30984 0.135444151275
31008 0.136323658751
31032 0.137203166227
31056 0.127177700348
31080 0.128048780488
31104 0.128919860627
31128 0.129790940767
31152 0.130662020906
31176 0.131533101045
31200 0.132404181185
31224 0.133275261324
31248 0.134146341463
31272 0.135017421603
31296 0.135888501742
31320 0.136759581882
31344 0.125862068966
31368 0.126724137931
31392 0.127586206897
31416 0.128448275862
31440 0.129310344828
31464 0.130172413793
31488 0.131034482759
31512 0.131896551724
31536 0.13275862069
31560 0.133620689655
31584 0.134482758621
31608 0.135344827586
31632 0.136206896552
31656 0.129280821918
31680 0.130136986301
31704 0.130993150685
31728 0.131849315068
31752 0.132705479452
31776 0.133561643836
31800 0.134417808219
31824 0.135273972603
31848 0.136130136986
31872 0.130212765957
31896 0.131063829787
31920 0.131914893617
31944 0.132765957447
31968 0.133617021277
31992 0.134468085106
32016 0.135319148936
32040 0.136170212766
32064 0.127426160338
32088 0.128270042194
32112 0.129113924051
32136 0.129957805907
32160 0.130801687764
32184 0.13164556962
32208 0.132489451477
32232 0.133333333333
32256 0.13417721519
32280 0.135021097046
32304 0.135864978903
32328 0.128140703518
32352 0.128978224456
32376 0.129815745394
32400 0.130653266332
32424 0.13149078727
32448 0.132328308208
32472 0.133165829146
32496 0.134003350084
32520 0.134840871022
32544 0.13567839196
32568 0.12707641196
32592 0.127906976744
32616 0.128737541528
32640 0.129568106312
32664 0.130398671096
32688 0.13122923588
32712 0.132059800664
32736 0.132890365449
32760 0.133720930233
32784 0.134551495017
32808 0.135382059801
32832 0.126853377265
32856 0.127677100494
32880 0.128500823723
32904 0.129324546952
32928 0.130148270181
32952 0.13097199341
32976 0.131795716639
33000 0.132619439868
33024 0.133443163097
33048 0.134266886326
33072 0.135090609555
33096 0.125714285714
33120 0.126530612245
33144 0.127346938776
33168 0.128163265306
33192 0.128979591837
33216 0.129795918367
33240 0.130612244898
33264 0.131428571429
33288 0.132244897959
33312 0.13306122449
33336 0.13387755102
33360 0.134693877551
33384 0.130894308943
33408 0.131707317073
33432 0.132520325203
33456 0.133333333333
33480 0.134146341463
33504 0.134959349593
33528 0.129345189976
33552 0.130153597413
33576 0.13096200485
33600 0.131770412288
33624 0.132578819725
33648 0.133387227162
33672 0.1341956346
33696 0.135004042037
33720 0.125801282051
33744 0.126602564103
33768 0.127403846154
33792 0.128205128205
33816 0.129006410256
33840 0.129807692308
33864 0.130608974359
33888 0.13141025641
33912 0.132211538462
33936 0.133012820513
33960 0.133814102564
33984 0.134615384615
34008 0.126391096979
34032 0.127186009539
34056 0.127980922099
34080 0.128775834658
34104 0.129570747218
34128 0.130365659777
34152 0.131160572337
34176 0.131955484897
34200 0.132750397456
34224 0.133545310016
34248 0.134340222576
34272 0.128853754941
34296 0.129644268775
34320 0.130434782609
34344 0.131225296443
34368 0.132015810277
34392 0.132806324111
34416 0.133596837945
34440 0.134387351779
34464 0.12893081761
34488 0.129716981132
34512 0.130503144654
34536 0.131289308176
34560 0.132075471698
34584 0.13286163522
34608 0.133647798742
34632 0.134433962264
34656 0.125487139517
34680 0.126266562744
34704 0.12704598597
34728 0.127825409197
34752 0.128604832424
34776 0.129384255651
34800 0.130163678878
34824 0.130943102104
34848 0.131722525331
34872 0.132501948558
34896 0.133281371785
34920 0.134060795012
34944 0.130434782609
34968 0.131211180124
34992 0.13198757764
35016 0.132763975155
35040 0.133540372671
35064 0.134316770186
35088 0.126348228043
35112 0.127118644068
35136 0.127889060092
35160 0.128659476117
35184 0.129429892142
35208 0.130200308166
35232 0.130970724191
35256 0.131741140216
35280 0.13251155624
35304 0.133281972265
35328 0.13405238829
35352 0.124427480916
35376 0.125190839695
35400 0.125954198473
35424 0.126717557252
35448 0.127480916031
35472 0.128244274809
35496 0.129007633588
35520 0.129770992366
35544 0.130534351145
35568 0.131297709924
35592 0.132061068702
35616 0.132824427481
35640 0.13358778626
35664 0.124905374716
35688 0.125662376987
35712 0.126419379258
35736 0.127176381529
35760 0.1279333838
35784 0.128690386071
35808 0.129447388342
35832 0.130204390613
35856 0.130961392884
35880 0.131718395155
35904 0.132475397426
35928 0.133232399697
35952 0.122938530735
35976 0.123688155922
36000 0.124437781109
36024 0.125187406297
36048 0.125937031484
36072 0.126686656672
36096 0.127436281859
36120 0.128185907046
36144 0.128935532234
36168 0.129685157421
36192 0.130434782609
36216 0.131184407796
36240 0.131934032984
36264 0.132683658171
36288 0.126676602086
36312 0.127421758569
36336 0.128166915052
36360 0.128912071535
36384 0.129657228018
36408 0.130402384501
36432 0.131147540984
36456 0.131892697466
36480 0.132637853949
36504 0.124168514412
36528 0.124907612712
36552 0.125646711013
36576 0.126385809313
36600 0.127124907613
36624 0.127864005913
36648 0.128603104213
36672 0.129342202513
36696 0.130081300813
36720 0.130820399113
36744 0.131559497413
36768 0.132298595713
36792 0.123900293255
36816 0.124633431085
36840 0.125366568915
36864 0.126099706745
36888 0.126832844575
36912 0.127565982405
36936 0.128299120235
36960 0.129032258065
36984 0.129765395894
37008 0.130498533724
37032 0.131231671554
37056 0.131964809384
37080 0.123636363636
37104 0.124363636364
37128 0.125090909091
37152 0.125818181818
37176 0.126545454545
37200 0.127272727273
37224 0.128
37248 0.128727272727
37272 0.129454545455
37296 0.130181818182
37320 0.130909090909
37344 0.131636363636
37368 0.121757925072
37392 0.122478386167
37416 0.123198847262
37440 0.123919308357
37464 0.124639769452
37488 0.125360230548
37512 0.126080691643
37536 0.126801152738
37560 0.127521613833
37584 0.128242074928
37608 0.128962536023
37632 0.129682997118
37656 0.130403458213
37680 0.131123919308
37704 0.122142857143
37728 0.122857142857
37752 0.123571428571
37776 0.124285714286
37800 0.125
37824 0.125714285714
37848 0.126428571429
37872 0.127142857143
37896 0.127857142857
37920 0.128571428571
37944 0.129285714286
37968 0.13
37992 0.130714285714
38016 0.125
38040 0.125710227273
38064 0.126420454545
38088 0.127130681818
38112 0.127840909091
38136 0.128551136364
38160 0.129261363636
38184 0.129971590909
38208 0.130681818182
38232 0.12341325811
38256 0.124118476728
38280 0.124823695346
38304 0.125528913963
38328 0.126234132581
38352 0.126939351199
38376 0.127644569817
38400 0.128349788434
38424 0.129055007052
38448 0.12976022567
38472 0.130465444288
38496 0.121678321678
38520 0.122377622378
38544 0.123076923077
38568 0.123776223776
38592 0.124475524476
38616 0.125174825175
38640 0.125874125874
38664 0.126573426573
38688 0.127272727273
38712 0.127972027972
38736 0.128671328671
38760 0.129370629371
38784 0.13006993007
38808 0.124478442281
38832 0.125173852573
38856 0.125869262865
38880 0.126564673157
38904 0.127260083449
38928 0.127955493741
38952 0.128650904033
38976 0.129346314325
39000 0.130041724618
39024 0.12215320911
39048 0.122843340235
39072 0.12353347136
39096 0.124223602484
39120 0.124913733609
39144 0.125603864734
39168 0.126293995859
39192 0.126984126984
39216 0.127674258109
39240 0.128364389234
39264 0.129054520359
39288 0.129744651484
39312 0.121149897331
39336 0.121834360027
39360 0.122518822724
39384 0.123203285421
39408 0.123887748118
39432 0.124572210815
39456 0.125256673511
39480 0.125941136208
39504 0.126625598905
39528 0.127310061602
39552 0.127994524298
39576 0.128678986995
39600 0.129363449692
39624 0.122365737593
39648 0.123045547247
39672 0.1237253569
39696 0.124405166553
39720 0.125084976207
39744 0.12576478586
39768 0.126444595513
39792 0.127124405167
39816 0.12780421482
39840 0.128484024473
39864 0.129163834126
39888 0.121457489879
39912 0.122132253711
39936 0.122807017544
39960 0.123481781377
39984 0.124156545209
40008 0.124831309042
40032 0.125506072874
40056 0.126180836707
40080 0.12685560054
40104 0.127530364372
40128 0.128205128205
40152 0.128879892038
40176 0.123489932886
40200 0.124161073826
40224 0.124832214765
40248 0.125503355705
40272 0.126174496644
40296 0.126845637584
40320 0.127516778523
40344 0.128187919463
40368 0.128859060403
40392 0.125752508361
40416 0.126421404682
40440 0.127090301003
40464 0.127759197324
40488 0.128428093645
40512 0.129096989967
40536 0.120769741208
40560 0.121433311214
40584 0.122096881221
40608 0.122760451228
40632 0.123424021234
40656 0.124087591241
40680 0.124751161248
40704 0.125414731254
40728 0.126078301261
40752 0.126741871267
40776 0.127405441274
40800 0.128069011281
40824 0.128732581287
40848 0.124917382683
40872 0.125578321216
40896 0.126239259749
40920 0.126900198282
40944 0.127561136814
40968 0.128222075347
40992 0.12888301388
41016 0.121391076115
41040 0.122047244094
41064 0.122703412073
41088 0.123359580052
41112 0.124015748031
41136 0.12467191601
41160 0.12532808399
41184 0.125984251969
41208 0.126640419948
41232 0.127296587927
41256 0.127952755906
41280 0.128608923885
41304 0.124836601307
41328 0.125490196078
41352 0.12614379085
41376 0.126797385621
41400 0.127450980392
41424 0.128104575163
41448 0.128758169935
41472 0.124268054652
41496 0.124918672739
41520 0.125569290826
41544 0.126219908913
41568 0.126870527001
41592 0.127521145088
41616 0.128171763175
41640 0.128822381262
41664 0.120723047127
41688 0.121368624919
41712 0.122014202711
41736 0.122659780504
41760 0.123305358296
41784 0.123950936088
41808 0.12459651388
41832 0.125242091672
41856 0.125887669464
41880 0.126533247256
41904 0.127178825048
41928 0.127824402841
41952 0.128469980633
41976 0.120435618193
42000 0.121076233184
42024 0.121716848174
42048 0.122357463165
42072 0.122998078155
42096 0.123638693145
42120 0.124279308136
42144 0.124919923126
42168 0.125560538117
42192 0.126201153107
42216 0.126841768097
42240 0.127482383088
42264 0.128122998078
42288 0.123008285532
42312 0.123645634162
42336 0.124282982792
42360 0.124920331421
42384 0.125557680051
42408 0.126195028681
42432 0.12683237731
42456 0.12746972594
42480 0.12810707457
42504 0.123018389347
42528 0.123652504756
42552 0.124286620165
42576 0.124920735574
42600 0.125554850983
42624 0.126188966392
42648 0.126823081801
42672 0.12745719721
42696 0.128091312619
42720 0.122320302648
42744 0.122950819672
42768 0.123581336696
42792 0.12421185372
42816 0.124842370744
42840 0.125472887768
42864 0.126103404792
42888 0.126733921816
42912 0.12736443884
42936 0.127994955864
42960 0.120150187735
42984 0.120775969962
43008 0.12140175219
43032 0.122027534418
43056 0.122653316646
43080 0.123279098874
43104 0.123904881101
43128 0.124530663329
43152 0.125156445557
43176 0.125782227785
43200 0.126408010013
43224 0.12703379224
43248 0.127659574468
43272 0.121966397013
43296 0.122588674549
43320 0.123210952085
43344 0.12383322962
43368 0.124455507156
43392 0.125077784692
43416 0.125700062228
43440 0.126322339764
43464 0.126944617299
43488 0.127566894835
43512 0.121905940594
43536 0.122524752475
43560 0.123143564356
43584 0.123762376238
43608 0.124381188119
43632 0.125
43656 0.125618811881
43680 0.126237623762
43704 0.126856435644
43728 0.127475247525
43752 0.120467117394
43776 0.121081745544
43800 0.121696373694
43824 0.122311001844
43848 0.122925629994
43872 0.123540258144
43896 0.124154886294
43920 0.124769514444
43944 0.125384142594
43968 0.125998770744
43992 0.126613398894
44016 0.127228027044
44040 0.123011015912
44064 0.123623011016
44088 0.12423500612
44112 0.124847001224
44136 0.125458996328
44160 0.126070991432
44184 0.126682986536
44208 0.12729498164
44232 0.122411693057
44256 0.123020706456
44280 0.123629719854
44304 0.124238733252
44328 0.12484774665
44352 0.125456760049
44376 0.126065773447
44400 0.126674786845
44424 0.127283800244
44448 0.120387174834
44472 0.120992135511
44496 0.121597096189
44520 0.122202056866
44544 0.122807017544
44568 0.123411978221
44592 0.124016938899
44616 0.124621899577
44640 0.125226860254
44664 0.125831820932
44688 0.126436781609
44712 0.127041742287
44736 0.118176364727
44760 0.118776244751
44784 0.119376124775
44808 0.119976004799
44832 0.120575884823
44856 0.121175764847
44880 0.121775644871
44904 0.122375524895
44928 0.122975404919
44952 0.123575284943
44976 0.124175164967
45000 0.124775044991
45024 0.125374925015
45048 0.125974805039
45072 0.126574685063
45096 0.118452380952
45120 0.119047619048
45144 0.119642857143
45168 0.120238095238
45192 0.120833333333
45216 0.121428571429
45240 0.122023809524
45264 0.122619047619
45288 0.123214285714
45312 0.12380952381
45336 0.124404761905
45360 0.125
45384 0.125595238095
45408 0.12619047619
45432 0.12144549763
45456 0.122037914692
45480 0.122630331754
45504 0.123222748815
45528 0.123815165877
45552 0.124407582938
45576 0.125
45600 0.125592417062
45624 0.126184834123
45648 0.123449497933
45672 0.124040165387
45696 0.124630832841
45720 0.125221500295
45744 0.12581216775
45768 0.126402835204
45792 0.120375807399
45816 0.120963006459
45840 0.12155020552
45864 0.12213740458
45888 0.122724603641
45912 0.123311802701
45936 0.123899001762
45960 0.124486200822
45984 0.125073399883
46008 0.125660598943
46032 0.126247798004
46056 0.119603267211
46080 0.120186697783
46104 0.120770128355
46128 0.121353558926
46152 0.121936989498
46176 0.12252042007
46200 0.123103850642
46224 0.123687281214
46248 0.124270711785
46272 0.124854142357
46296 0.125437572929
46320 0.126021003501
46344 0.120719674985
46368 0.121300058038
46392 0.121880441091
46416 0.122460824144
46440 0.123041207197
46464 0.12362159025
46488 0.124201973302
46512 0.124782356355
46536 0.125362739408
46560 0.125943122461
46584 0.121317157712
46608 0.121894858463
46632 0.122472559214
46656 0.123050259965
46680 0.123627960716
46704 0.124205661467
46728 0.124783362218
46752 0.125361062969
46776 0.12593876372
46800 0.118119266055
46824 0.11869266055
46848 0.119266055046
46872 0.119839449541
46896 0.120412844037
46920 0.120986238532
46944 0.121559633028
46968 0.122133027523
46992 0.122706422018
47016 0.123279816514
47040 0.123853211009
47064 0.124426605505
47088 0.125
47112 0.125573394495
47136 0.11781445646
47160 0.118383608423
47184 0.118952760387
47208 0.119521912351
47232 0.120091064314
47256 0.120660216278
47280 0.121229368241
47304 0.121798520205
47328 0.122367672168
47352 0.122936824132
47376 0.123505976096
47400 0.124075128059
47424 0.124644280023
47448 0.125213431986
47472 0.117514124294
47496 0.118079096045
47520 0.118644067797
47544 0.119209039548
47568 0.119774011299
47592 0.120338983051
47616 0.120903954802
47640 0.121468926554
47664 0.122033898305
47688 0.122598870056
47712 0.123163841808
47736 0.123728813559
47760 0.124293785311
47784 0.124858757062
47808 0.119101123596
47832 0.119662921348
47856 0.120224719101
47880 0.120786516854
47904 0.121348314607
47928 0.12191011236
47952 0.122471910112
47976 0.123033707865
48000 0.123595505618
48024 0.124157303371
48048 0.124719101124
48072 0.117122141662
48096 0.117679866146
48120 0.11823759063
48144 0.118795315114
48168 0.119353039598
48192 0.119910764083
48216 0.120468488567
48240 0.121026213051
48264 0.121583937535
48288 0.122141662019
48312 0.122699386503
48336 0.123257110987
48360 0.123814835471
48384 0.124372559955
48408 0.116832779623
48432 0.11738648948
48456 0.117940199336
48480 0.118493909192
48504 0.119047619048
48528 0.119601328904
48552 0.12015503876
48576 0.120708748616
48600 0.121262458472
48624 0.121816168328
48648 0.122369878184
48672 0.12292358804
48696 0.123477297896
48720 0.124031007752
48744 0.118392070485
48768 0.118942731278
48792 0.11949339207
48816 0.120044052863
48840 0.120594713656
48864 0.121145374449
48888 0.121696035242
48912 0.122246696035
48936 0.122797356828
48960 0.123348017621
48984 0.123898678414
49008 0.118904109589
49032 0.119452054795
49056 0.12
49080 0.120547945205
49104 0.121095890411
49128 0.121643835616
49152 0.122191780822
49176 0.122739726027
49200 0.123287671233
49224 0.123835616438
49248 0.119476268412
49272 0.120021822149
49296 0.120567375887
49320 0.121112929624
49344 0.121658483361
49368 0.122204037098
49392 0.122749590835
49416 0.123295144572
49440 0.123840698309
49464 0.117073170732
49488 0.117615176152
49512 0.118157181572
49536 0.118699186992
49560 0.119241192412
49584 0.119783197832
49608 0.120325203252
49632 0.120867208672
49656 0.121409214092
49680 0.121951219512
49704 0.122493224932
49728 0.123035230352
49752 0.123577235772
49776 0.118662351672
49800 0.119201725998
49824 0.119741100324
49848 0.120280474649
49872 0.120819848975
49896 0.121359223301
49920 0.121898597627
49944 0.122437971953
49968 0.122977346278
49992 0.123516720604
50016 0.119226638024
50040 0.119763694952
50064 0.12030075188
50088 0.120837808808
50112 0.121374865736
50136 0.121911922664
50160 0.122448979592
50184 0.12298603652
50208 0.123523093448
50232 0.117458622531
50256 0.11799252536
50280 0.11852642819
50304 0.11906033102
50328 0.119594233849
50352 0.120128136679
50376 0.120662039509
50400 0.121195942338
50424 0.121729845168
50448 0.122263747998
50472 0.122797650828
50496 0.123331553657
50520 0.116118769883
50544 0.116648992577
50568 0.11717921527
50592 0.117709437964
50616 0.118239660657
50640 0.118769883351
50664 0.119300106045
50688 0.119830328738
50712 0.120360551432
50736 0.120890774125
50760 0.121420996819
50784 0.121951219512
50808 0.122481442206
50832 0.123011664899
50856 0.119387216059
50880 0.119915478077
50904 0.120443740095
50928 0.120972002113
50952 0.121500264131
50976 0.122028526149
51000 0.122556788167
51024 0.123085050185
51048 0.118296529968
51072 0.118822292324
51096 0.119348054679
51120 0.119873817035
51144 0.12039957939
51168 0.120925341746
51192 0.121451104101
51216 0.121976866456
51240 0.122502628812
51264 0.123028391167
51288 0.118848167539
51312 0.119371727749
51336 0.119895287958
51360 0.120418848168
51384 0.120942408377
51408 0.121465968586
51432 0.121989528796
51456 0.122513089005
51480 0.123036649215
51504 0.118290776446
51528 0.118811881188
51552 0.11933298593
51576 0.119854090672
51600 0.120375195414
51624 0.120896300156
51648 0.121417404898
51672 0.12193850964
51696 0.122459614382
51720 0.122980719125
51744 0.117098445596
51768 0.117616580311
51792 0.118134715026
51816 0.118652849741
51840 0.119170984456
51864 0.119689119171
51888 0.120207253886
51912 0.120725388601
51936 0.121243523316
51960 0.121761658031
51984 0.122279792746
52008 0.122797927461
52032 0.11695002576
52056 0.117465224111
52080 0.117980422463
52104 0.118495620814
52128 0.119010819165
52152 0.119526017517
52176 0.120041215868
52200 0.120556414219
52224 0.121071612571
52248 0.121586810922
52272 0.122102009274
52296 0.122617207625
52320 0.116803278689
52344 0.11731557377
52368 0.117827868852
52392 0.118340163934
52416 0.118852459016
52440 0.119364754098
52464 0.11987704918
52488 0.120389344262
52512 0.120901639344
52536 0.121413934426
52560 0.121926229508
52584 0.12243852459
52608 0.116089613035
52632 0.116598778004
52656 0.117107942974
52680 0.117617107943
52704 0.118126272912
52728 0.118635437882
52752 0.119144602851
52776 0.119653767821
52800 0.12016293279
52824 0.12067209776
52848 0.121181262729
52872 0.121690427699
52896 0.122199592668
52920 0.117021276596
52944 0.117527862209
52968 0.118034447822
52992 0.118541033435
53016 0.119047619048
53040 0.119554204661
53064 0.120060790274
53088 0.120567375887
53112 0.121073961499
53136 0.121580547112
53160 0.122087132725
53184 0.115249119275
53208 0.115752390539
53232 0.116255661802
53256 0.116758933065
53280 0.117262204328
53304 0.117765475591
53328 0.118268746855
53352 0.118772018118
53376 0.119275289381
53400 0.119778560644
53424 0.120281831907
53448 0.120785103171
53472 0.121288374434
53496 0.121791645697
53520 0.118355065196
53544 0.118856569709
53568 0.119358074223
53592 0.119859578736
53616 0.12036108325
53640 0.120862587763
53664 0.121364092277
53688 0.12186559679
53712 0.119
53736 0.1195
53760 0.12
53784 0.1205
53808 0.121
53832 0.1215
53856 0.122
53880 0.115805168986
53904 0.116302186879
53928 0.116799204771
53952 0.117296222664
53976 0.117793240557
54000 0.118290258449
54024 0.118787276342
54048 0.119284294235
54072 0.119781312127
54096 0.12027833002
54120 0.120775347913
54144 0.121272365805
54168 0.121769383698
54192 0.115061728395
54216 0.115555555556
54240 0.116049382716
54264 0.116543209877
54288 0.117037037037
54312 0.117530864198
54336 0.118024691358
54360 0.118518518519
54384 0.119012345679
54408 0.11950617284
54432 0.12
54456 0.12049382716
54480 0.120987654321
54504 0.121481481481
54528 0.11481844946
54552 0.115309126595
54576 0.115799803729
54600 0.116290480864
54624 0.116781157998
54648 0.117271835132
54672 0.117762512267
54696 0.118253189401
54720 0.118743866536
54744 0.11923454367
54768 0.119725220805
54792 0.120215897939
54816 0.120706575074
54840 0.121197252208
54864 0.11512195122
54888 0.115609756098
54912 0.116097560976
54936 0.116585365854
54960 0.117073170732
54984 0.11756097561
55008 0.118048780488
55032 0.118536585366
55056 0.119024390244
55080 0.119512195122
55104 0.12
55128 0.120487804878
55152 0.120975609756
55176 0.117103984451
55200 0.1175898931
55224 0.118075801749
55248 0.118561710398
55272 0.119047619048
55296 0.119533527697
55320 0.120019436346
55344 0.120505344995
55368 0.120991253644
55392 0.116054158607
55416 0.116537717602
55440 0.117021276596
55464 0.11750483559
55488 0.117988394584
55512 0.118471953578
55536 0.118955512573
55560 0.119439071567
55584 0.119922630561
55608 0.120406189555
55632 0.120889748549
55656 0.117052023121
55680 0.11753371869
55704 0.118015414258
55728 0.118497109827
55752 0.118978805395
55776 0.119460500963
55800 0.119942196532
55824 0.1204238921
55848 0.120905587669
55872 0.117082533589
55896 0.117562380038
55920 0.118042226488
55944 0.118522072937
55968 0.119001919386
55992 0.119481765835
56016 0.119961612284
56040 0.120441458733
56064 0.120921305182
56088 0.114449213162
56112 0.114926084883
56136 0.115402956605
56160 0.115879828326
56184 0.116356700048
56208 0.116833571769
56232 0.117310443491
56256 0.117787315212
56280 0.118264186934
56304 0.118741058655
56328 0.119217930377
56352 0.119694802098
56376 0.12017167382
56400 0.120648545541
56424 0.116334283001
56448 0.116809116809
56472 0.117283950617
56496 0.117758784425
56520 0.118233618234
56544 0.118708452042
56568 0.11918328585
56592 0.119658119658
56616 0.120132953466
56640 0.120607787274
56664 0.117897727273
56688 0.118371212121
56712 0.11884469697
56736 0.119318181818
56760 0.119791666667
56784 0.120265151515
56808 0.120738636364
56832 0.115928369463
56856 0.116399622997
56880 0.116870876532
56904 0.117342130066
56928 0.1178133836
56952 0.118284637135
56976 0.118755890669
57000 0.119227144204
57024 0.119698397738
57048 0.120169651272
57072 0.120640904807
57096 0.116377287658
57120 0.116846550915
57144 0.117315814172
57168 0.117785077428
57192 0.118254340685
57216 0.118723603942
57240 0.119192867198
57264 0.119662130455
57288 0.120131393712
57312 0.120600656969
57336 0.114792347177
57360 0.115258982734
57384 0.115725618292
57408 0.11619225385
57432 0.116658889407
57456 0.117125524965
57480 0.117592160523
57504 0.11805879608
57528 0.118525431638
57552 0.118992067196
57576 0.119458702753
57600 0.119925338311
57624 0.120391973868
57648 0.11513463324
57672 0.115598885794
57696 0.116063138347
57720 0.116527390901
57744 0.116991643454
57768 0.117455896007
57792 0.117920148561
57816 0.118384401114
57840 0.118848653668
57864 0.119312906221
57888 0.119777158774
57912 0.120241411328
57936 0.115011547344
57960 0.115473441109
57984 0.115935334873
58008 0.116397228637
58032 0.116859122402
58056 0.117321016166
58080 0.117782909931
58104 0.118244803695
58128 0.11870669746
58152 0.119168591224
58176 0.119630484988
58200 0.120092378753
58224 0.113354749885
58248 0.113813675998
58272 0.114272602111
58296 0.114731528224
58320 0.115190454337
58344 0.11564938045
58368 0.116108306563
58392 0.116567232676
58416 0.117026158788
58440 0.117485084901
58464 0.117944011014
58488 0.118402937127
58512 0.11886186324
58536 0.119320789353
58560 0.119779715466
58584 0.11614083219
58608 0.116598079561
58632 0.117055326932
58656 0.117512574303
58680 0.117969821674
58704 0.118427069044
58728 0.118884316415
58752 0.119341563786
58776 0.119798811157
58800 0.115664845173
58824 0.116120218579
58848 0.116575591985
58872 0.117030965392
58896 0.117486338798
58920 0.117941712204
58944 0.11839708561
58968 0.118852459016
58992 0.119307832423
59016 0.119763205829
59040 0.116659101226
59064 0.11711302769
59088 0.117566954153
59112 0.118020880617
59136 0.118474807081
59160 0.118928733545
59184 0.119382660009
59208 0.119836586473
59232 0.115732368897
59256 0.116184448463
59280 0.116636528029
59304 0.117088607595
59328 0.117540687161
59352 0.117992766727
59376 0.118444846293
59400 0.118896925859
59424 0.119349005425
59448 0.119801084991
59472 0.115713642503
59496 0.11616389014
59520 0.116614137776
59544 0.117064385412
59568 0.117514633048
59592 0.117964880684
59616 0.118415128321
59640 0.118865375957
59664 0.119315623593
59688 0.119765871229
59712 0.113199105145
59736 0.113646532438
59760 0.114093959732
59784 0.114541387025
59808 0.114988814318
59832 0.115436241611
59856 0.115883668904
59880 0.116331096197
59904 0.11677852349
59928 0.117225950783
59952 0.117673378076
59976 0.118120805369
60000 0.118568232662
60024 0.119015659955
60048 0.119463087248
60072 0.115418894831
60096 0.115864527629
60120 0.116310160428
60144 0.116755793226
60168 0.117201426025
60192 0.117647058824
60216 0.118092691622
60240 0.118538324421
60264 0.118983957219
60288 0.119429590018
60312 0.114412416851
60336 0.114855875831
60360 0.115299334812
60384 0.115742793792
60408 0.116186252772
60432 0.116629711752
60456 0.117073170732
60480 0.117516629712
60504 0.117960088692
60528 0.118403547672
60552 0.118847006652
60576 0.119290465632
60600 0.113315696649
60624 0.113756613757
60648 0.114197530864
60672 0.114638447972
60696 0.115079365079
60720 0.115520282187
60744 0.115961199295
60768 0.116402116402
60792 0.11684303351
60816 0.117283950617
60840 0.117724867725
60864 0.118165784832
60888 0.11860670194
60912 0.119047619048
60936 0.114085125055
60960 0.114523913997
60984 0.11496270294
61008 0.115401491882
61032 0.115840280825
61056 0.116279069767
61080 0.11671785871
61104 0.117156647652
61128 0.117595436595
61152 0.118034225538
61176 0.11847301448
61200 0.118911803423
61224 0.113487560017
61248 0.113924050633
61272 0.114360541248
61296 0.114797031864
61320 0.115233522479
61344 0.115670013095
61368 0.11610650371
61392 0.116542994326
61416 0.116979484941
61440 0.117415975557
61464 0.117852466172
61488 0.118288956787
61512 0.118725447403
61536 0.113330438558
61560 0.113764654798
61584 0.114198871038
61608 0.114633087277
61632 0.115067303517
61656 0.115501519757
61680 0.115935735997
61704 0.116369952236
61728 0.116804168476
61752 0.117238384716
61776 0.117672600955
61800 0.118106817195
61824 0.118541033435
61848 0.113174946004
61872 0.113606911447
61896 0.11403887689
61920 0.114470842333
61944 0.114902807775
61968 0.115334773218
61992 0.115766738661
62016 0.116198704104
62040 0.116630669546
62064 0.117062634989
62088 0.117494600432
62112 0.117926565875
62136 0.118358531317
62160 0.112065264062
62184 0.11249463289
62208 0.112924001717
62232 0.113353370545
62256 0.113782739373
62280 0.114212108201
62304 0.114641477029
62328 0.115070845857
62352 0.115500214684
62376 0.115929583512
62400 0.11635895234
62424 0.116788321168
62448 0.117217689996
62472 0.117647058824
62496 0.118076427651
62520 0.114676936243
62544 0.115104835259
62568 0.115532734275
62592 0.115960633291
62616 0.116388532306
62640 0.116816431322
62664 0.117244330338
62688 0.117672229354
62712 0.11810012837
62736 0.11376224968
62760 0.114188325522
62784 0.114614401363
62808 0.115040477205
62832 0.115466553046
62856 0.115892628888
62880 0.116318704729
62904 0.116744780571
62928 0.117170856412
62952 0.117596932254
62976 0.118023008095
63000 0.112759643917
63024 0.113183552353
63048 0.113607460788
63072 0.114031369224
63096 0.11445527766
63120 0.114879186096
63144 0.115303094532
63168 0.115727002967
63192 0.116150911403
63216 0.116574819839
63240 0.116998728275
63264 0.11742263671
63288 0.117846545146
